676 3647
1 1.000000e+002 1.000000e+002 0.000000e+000
2 1.000000e+002 1.000000e+002 1.000000e+002
3 1.000000e+002 0.000000e+000 0.000000e+000
4 1.000000e+002 0.000000e+000 1.000000e+002
5 0.000000e+000 1.000000e+002 0.000000e+000
6 0.000000e+000 1.000000e+002 1.000000e+002
7 0.000000e+000 0.000000e+000 0.000000e+000
8 0.000000e+000 0.000000e+000 1.000000e+002
9 0.000000e+000 1.428571e+001 1.000000e+002
10 0.000000e+000 2.857143e+001 1.000000e+002
11 0.000000e+000 4.285714e+001 1.000000e+002
12 0.000000e+000 5.714286e+001 1.000000e+002
13 0.000000e+000 7.142857e+001 1.000000e+002
14 0.000000e+000 8.571429e+001 1.000000e+002
15 1.428571e+001 1.000000e+002 1.000000e+002
16 2.857143e+001 1.000000e+002 1.000000e+002
17 4.285714e+001 1.000000e+002 1.000000e+002
18 5.714286e+001 1.000000e+002 1.000000e+002
19 7.142857e+001 1.000000e+002 1.000000e+002
20 8.571429e+001 1.000000e+002 1.000000e+002
21 1.000000e+002 1.428571e+001 1.000000e+002
22 1.000000e+002 2.857143e+001 1.000000e+002
23 1.000000e+002 4.285714e+001 1.000000e+002
24 1.000000e+002 5.714286e+001 1.000000e+002
25 1.000000e+002 7.142857e+001 1.000000e+002
26 1.000000e+002 8.571429e+001 1.000000e+002
27 1.428571e+001 0.000000e+000 1.000000e+002
28 2.857143e+001 0.000000e+000 1.000000e+002
29 4.285714e+001 0.000000e+000 1.000000e+002
30 5.714286e+001 0.000000e+000 1.000000e+002
31 7.142857e+001 0.000000e+000 1.000000e+002
32 8.571429e+001 0.000000e+000 1.000000e+002
33 0.000000e+000 1.428571e+001 0.000000e+000
34 0.000000e+000 2.857143e+001 0.000000e+000
35 0.000000e+000 4.285714e+001 0.000000e+000
36 0.000000e+000 5.714286e+001 0.000000e+000
37 0.000000e+000 7.142857e+001 0.000000e+000
38 0.000000e+000 8.571429e+001 0.000000e+000
39 1.428571e+001 1.000000e+002 0.000000e+000
40 2.857143e+001 1.000000e+002 0.000000e+000
41 4.285714e+001 1.000000e+002 0.000000e+000
42 5.714286e+001 1.000000e+002 0.000000e+000
43 7.142857e+001 1.000000e+002 0.000000e+000
44 8.571429e+001 1.000000e+002 0.000000e+000
45 1.000000e+002 1.428571e+001 0.000000e+000
46 1.000000e+002 2.857143e+001 0.000000e+000
47 1.000000e+002 4.285714e+001 0.000000e+000
48 1.000000e+002 5.714286e+001 0.000000e+000
49 1.000000e+002 7.142857e+001 0.000000e+000
50 1.000000e+002 8.571429e+001 0.000000e+000
51 1.428571e+001 0.000000e+000 0.000000e+000
52 2.857143e+001 0.000000e+000 0.000000e+000
53 4.285714e+001 0.000000e+000 0.000000e+000
54 5.714286e+001 0.000000e+000 0.000000e+000
55 7.142857e+001 0.000000e+000 0.000000e+000
56 8.571429e+001 0.000000e+000 0.000000e+000
57 1.000000e+002 1.000000e+002 1.428571e+001
58 1.000000e+002 1.000000e+002 2.857143e+001
59 1.000000e+002 1.000000e+002 4.285714e+001
60 1.000000e+002 1.000000e+002 5.714286e+001
61 1.000000e+002 1.000000e+002 7.142857e+001
62 1.000000e+002 1.000000e+002 8.571429e+001
63 0.000000e+000 1.000000e+002 1.428571e+001
64 0.000000e+000 1.000000e+002 2.857143e+001
65 0.000000e+000 1.000000e+002 4.285714e+001
66 0.000000e+000 1.000000e+002 5.714286e+001
67 0.000000e+000 1.000000e+002 7.142857e+001
68 0.000000e+000 1.000000e+002 8.571429e+001
69 1.000000e+002 0.000000e+000 1.428571e+001
70 1.000000e+002 0.000000e+000 2.857143e+001
71 1.000000e+002 0.000000e+000 4.285714e+001
72 1.000000e+002 0.000000e+000 5.714286e+001
73 1.000000e+002 0.000000e+000 7.142857e+001
74 1.000000e+002 0.000000e+000 8.571429e+001
75 0.000000e+000 0.000000e+000 1.428571e+001
76 0.000000e+000 0.000000e+000 2.857143e+001
77 0.000000e+000 0.000000e+000 4.285714e+001
78 0.000000e+000 0.000000e+000 5.714286e+001
79 0.000000e+000 0.000000e+000 7.142857e+001
80 0.000000e+000 0.000000e+000 8.571429e+001
81 1.299566e+001 2.422698e+001 1.000000e+002
82 1.415608e+001 3.747875e+001 1.000000e+002
83 1.385068e+001 5.190927e+001 1.000000e+002
84 1.312932e+001 6.641553e+001 1.000000e+002
85 1.212595e+001 8.110933e+001 1.000000e+002
86 2.289779e+001 8.877729e+001 1.000000e+002
87 3.541526e+001 8.704342e+001 1.000000e+002
88 4.964829e+001 8.554608e+001 1.000000e+002
89 6.467937e+001 8.557122e+001 1.000000e+002
90 8.012957e+001 8.720340e+001 1.000000e+002
91 8.902794e+001 1.894349e+001 1.000000e+002
92 8.551588e+001 4.803422e+001 1.000000e+002
93 8.771365e+001 7.621226e+001 1.000000e+002
94 2.045957e+001 1.312756e+001 1.000000e+002
95 5.056988e+001 1.323289e+001 1.000000e+002
96 7.563918e+001 1.838012e+001 1.000000e+002
97 8.589064e+001 6.290118e+001 1.000000e+002
98 8.664371e+001 3.275630e+001 1.000000e+002
99 3.595047e+001 1.412993e+001 1.000000e+002
100 6.346600e+001 1.147982e+001 1.000000e+002
101 2.801048e+001 4.642622e+001 1.000000e+002
102 2.691385e+001 6.164438e+001 1.000000e+002
103 2.521153e+001 7.587922e+001 1.000000e+002
104 6.961913e+001 5.460912e+001 1.000000e+002
105 2.873758e+001 2.928644e+001 1.000000e+002
106 3.948125e+001 7.265456e+001 1.000000e+002
107 5.610534e+001 6.898538e+001 1.000000e+002
108 7.345182e+001 7.232466e+001 1.000000e+002
109 7.266276e+001 3.659739e+001 1.000000e+002
110 6.111839e+001 2.491274e+001 1.000000e+002
111 4.588716e+001 2.740202e+001 1.000000e+002
112 5.781036e+001 3.950668e+001 1.000000e+002
113 4.244045e+001 4.209533e+001 1.000000e+002
114 4.089955e+001 5.757791e+001 1.000000e+002
115 5.370729e+001 5.280780e+001 1.000000e+002
116 1.271333e+001 1.966569e+001 0.000000e+000
117 1.269420e+001 4.939395e+001 0.000000e+000
118 1.225390e+001 7.637618e+001 0.000000e+000
119 1.995224e+001 8.729078e+001 0.000000e+000
120 5.031594e+001 8.694607e+001 0.000000e+000
121 8.014076e+001 8.729954e+001 0.000000e+000
122 8.639342e+001 2.134190e+001 0.000000e+000
123 8.651388e+001 3.703381e+001 0.000000e+000
124 8.838312e+001 5.125002e+001 0.000000e+000
125 9.076716e+001 6.350404e+001 0.000000e+000
126 2.364915e+001 1.198261e+001 0.000000e+000
127 3.645176e+001 1.257688e+001 0.000000e+000
128 5.018352e+001 1.171110e+001 0.000000e+000
129 6.265837e+001 1.002833e+001 0.000000e+000
130 7.380538e+001 1.514854e+001 0.000000e+000
131 1.312284e+001 3.459121e+001 0.000000e+000
132 1.287547e+001 6.361315e+001 0.000000e+000
133 3.528551e+001 8.655119e+001 0.000000e+000
134 6.501094e+001 8.719426e+001 0.000000e+000
135 8.673796e+001 7.499852e+001 0.000000e+000
136 2.507183e+001 4.171049e+001 0.000000e+000
137 7.259092e+001 7.468553e+001 0.000000e+000
138 2.698887e+001 7.225672e+001 0.000000e+000
139 4.359507e+001 7.383561e+001 0.000000e+000
140 2.490925e+001 5.657047e+001 0.000000e+000
141 7.102226e+001 3.257575e+001 0.000000e+000
142 7.523347e+001 4.835896e+001 0.000000e+000
143 7.934833e+001 6.234919e+001 0.000000e+000
144 2.779402e+001 2.613749e+001 0.000000e+000
145 5.838943e+001 7.426098e+001 0.000000e+000
146 4.444392e+001 2.430619e+001 0.000000e+000
147 5.960487e+001 2.232320e+001 0.000000e+000
148 3.497517e+001 4.897562e+001 0.000000e+000
149 6.641856e+001 6.142956e+001 0.000000e+000
150 5.264671e+001 6.123705e+001 0.000000e+000
151 5.396190e+001 3.551181e+001 0.000000e+000
152 6.119214e+001 4.783897e+001 0.000000e+000
153 3.896283e+001 3.697980e+001 0.000000e+000
154 3.848754e+001 6.086692e+001 0.000000e+000
155 4.722567e+001 4.854352e+001 0.000000e+000
156 2.422698e+001 1.000000e+002 1.299566e+001
157 3.747875e+001 1.000000e+002 1.415608e+001
158 5.190927e+001 1.000000e+002 1.385068e+001
159 6.641553e+001 1.000000e+002 1.312932e+001
160 8.110933e+001 1.000000e+002 1.212595e+001
161 8.877729e+001 1.000000e+002 2.289779e+001
162 8.704342e+001 1.000000e+002 3.541526e+001
163 8.554608e+001 1.000000e+002 4.964829e+001
164 8.557122e+001 1.000000e+002 6.467937e+001
165 8.720340e+001 1.000000e+002 8.012957e+001
166 1.894349e+001 1.000000e+002 8.902794e+001
167 4.803422e+001 1.000000e+002 8.551588e+001
168 7.621226e+001 1.000000e+002 8.771365e+001
169 1.312756e+001 1.000000e+002 2.045957e+001
170 1.323289e+001 1.000000e+002 5.056988e+001
171 1.838012e+001 1.000000e+002 7.563918e+001
172 6.290118e+001 1.000000e+002 8.589064e+001
173 3.275630e+001 1.000000e+002 8.664371e+001
174 1.412993e+001 1.000000e+002 3.595047e+001
175 1.147982e+001 1.000000e+002 6.346600e+001
176 4.642622e+001 1.000000e+002 2.801048e+001
177 6.164438e+001 1.000000e+002 2.691385e+001
178 7.587922e+001 1.000000e+002 2.521153e+001
179 5.460912e+001 1.000000e+002 6.961913e+001
180 2.928644e+001 1.000000e+002 2.873758e+001
181 7.265456e+001 1.000000e+002 3.948125e+001
182 6.898538e+001 1.000000e+002 5.610534e+001
183 7.232466e+001 1.000000e+002 7.345182e+001
184 3.659739e+001 1.000000e+002 7.266276e+001
185 2.491274e+001 1.000000e+002 6.111839e+001
186 2.740202e+001 1.000000e+002 4.588716e+001
187 3.950668e+001 1.000000e+002 5.781036e+001
188 4.209533e+001 1.000000e+002 4.244045e+001
189 5.757791e+001 1.000000e+002 4.089955e+001
190 5.280780e+001 1.000000e+002 5.370729e+001
191 1.966569e+001 0.000000e+000 1.271333e+001
192 4.939395e+001 0.000000e+000 1.269420e+001
193 7.637618e+001 0.000000e+000 1.225390e+001
194 8.729078e+001 0.000000e+000 1.995224e+001
195 8.694607e+001 0.000000e+000 5.031594e+001
196 8.729954e+001 0.000000e+000 8.014076e+001
197 2.134190e+001 0.000000e+000 8.639342e+001
198 3.703381e+001 0.000000e+000 8.651388e+001
199 5.125002e+001 0.000000e+000 8.838312e+001
200 6.350404e+001 0.000000e+000 9.076716e+001
201 1.198261e+001 0.000000e+000 2.364915e+001
202 1.257688e+001 0.000000e+000 3.645176e+001
203 1.171110e+001 0.000000e+000 5.018352e+001
204 1.002833e+001 0.000000e+000 6.265837e+001
205 1.514854e+001 0.000000e+000 7.380538e+001
206 3.459121e+001 0.000000e+000 1.312284e+001
207 6.361315e+001 0.000000e+000 1.287547e+001
208 8.655119e+001 0.000000e+000 3.528551e+001
209 8.719426e+001 0.000000e+000 6.501094e+001
210 7.499852e+001 0.000000e+000 8.673796e+001
211 4.171049e+001 0.000000e+000 2.507183e+001
212 7.468553e+001 0.000000e+000 7.259092e+001
213 7.225672e+001 0.000000e+000 2.698887e+001
214 7.383561e+001 0.000000e+000 4.359507e+001
215 5.657047e+001 0.000000e+000 2.490925e+001
216 3.257575e+001 0.000000e+000 7.102226e+001
217 4.835896e+001 0.000000e+000 7.523347e+001
218 6.234919e+001 0.000000e+000 7.934833e+001
219 2.613749e+001 0.000000e+000 2.779402e+001
220 7.426098e+001 0.000000e+000 5.838943e+001
221 2.430619e+001 0.000000e+000 4.444392e+001
222 2.232320e+001 0.000000e+000 5.960487e+001
223 4.897562e+001 0.000000e+000 3.497517e+001
224 6.142956e+001 0.000000e+000 6.641856e+001
225 6.123705e+001 0.000000e+000 5.264671e+001
226 3.551181e+001 0.000000e+000 5.396190e+001
227 4.783897e+001 0.000000e+000 6.119214e+001
228 3.697980e+001 0.000000e+000 3.896283e+001
229 6.086692e+001 0.000000e+000 3.848754e+001
230 4.854352e+001 0.000000e+000 4.722567e+001
231 1.000000e+002 1.299566e+001 2.422698e+001
232 1.000000e+002 1.415608e+001 3.747875e+001
233 1.000000e+002 1.385068e+001 5.190927e+001
234 1.000000e+002 1.312932e+001 6.641553e+001
235 1.000000e+002 1.212595e+001 8.110933e+001
236 1.000000e+002 2.289779e+001 8.877729e+001
237 1.000000e+002 3.541526e+001 8.704342e+001
238 1.000000e+002 4.964829e+001 8.554608e+001
239 1.000000e+002 6.467937e+001 8.557122e+001
240 1.000000e+002 8.012957e+001 8.720340e+001
241 1.000000e+002 8.902794e+001 1.894349e+001
242 1.000000e+002 8.551588e+001 4.803422e+001
243 1.000000e+002 8.771365e+001 7.621226e+001
244 1.000000e+002 2.045957e+001 1.312756e+001
245 1.000000e+002 5.056988e+001 1.323289e+001
246 1.000000e+002 7.563918e+001 1.838012e+001
247 1.000000e+002 8.589064e+001 6.290118e+001
248 1.000000e+002 8.664371e+001 3.275630e+001
249 1.000000e+002 3.595047e+001 1.412993e+001
250 1.000000e+002 6.346600e+001 1.147982e+001
251 1.000000e+002 2.801048e+001 4.642622e+001
252 1.000000e+002 2.691385e+001 6.164438e+001
253 1.000000e+002 2.521153e+001 7.587922e+001
254 1.000000e+002 6.961913e+001 5.460912e+001
255 1.000000e+002 2.873758e+001 2.928644e+001
256 1.000000e+002 3.948125e+001 7.265456e+001
257 1.000000e+002 5.610534e+001 6.898538e+001
258 1.000000e+002 7.345182e+001 7.232466e+001
259 1.000000e+002 7.266276e+001 3.659739e+001
260 1.000000e+002 6.111839e+001 2.491274e+001
261 1.000000e+002 4.588716e+001 2.740202e+001
262 1.000000e+002 5.781036e+001 3.950668e+001
263 1.000000e+002 4.244045e+001 4.209533e+001
264 1.000000e+002 4.089955e+001 5.757791e+001
265 1.000000e+002 5.370729e+001 5.280780e+001
266 0.000000e+000 1.271333e+001 1.966569e+001
267 0.000000e+000 1.269420e+001 4.939395e+001
268 0.000000e+000 1.225390e+001 7.637618e+001
269 0.000000e+000 1.995224e+001 8.729078e+001
270 0.000000e+000 5.031594e+001 8.694607e+001
271 0.000000e+000 8.014076e+001 8.729954e+001
272 0.000000e+000 8.639342e+001 2.134190e+001
273 0.000000e+000 8.651388e+001 3.703381e+001
274 0.000000e+000 8.838312e+001 5.125002e+001
275 0.000000e+000 9.076716e+001 6.350404e+001
276 0.000000e+000 2.364915e+001 1.198261e+001
277 0.000000e+000 3.645176e+001 1.257688e+001
278 0.000000e+000 5.018352e+001 1.171110e+001
279 0.000000e+000 6.265837e+001 1.002833e+001
280 0.000000e+000 7.380538e+001 1.514854e+001
281 0.000000e+000 1.312284e+001 3.459121e+001
282 0.000000e+000 1.287547e+001 6.361315e+001
283 0.000000e+000 3.528551e+001 8.655119e+001
284 0.000000e+000 6.501094e+001 8.719426e+001
285 0.000000e+000 8.673796e+001 7.499852e+001
286 0.000000e+000 2.507183e+001 4.171049e+001
287 0.000000e+000 7.259092e+001 7.468553e+001
288 0.000000e+000 2.698887e+001 7.225672e+001
289 0.000000e+000 4.359507e+001 7.383561e+001
290 0.000000e+000 2.490925e+001 5.657047e+001
291 0.000000e+000 7.102226e+001 3.257575e+001
292 0.000000e+000 7.523347e+001 4.835896e+001
293 0.000000e+000 7.934833e+001 6.234919e+001
294 0.000000e+000 2.779402e+001 2.613749e+001
295 0.000000e+000 5.838943e+001 7.426098e+001
296 0.000000e+000 4.444392e+001 2.430619e+001
297 0.000000e+000 5.960487e+001 2.232320e+001
298 0.000000e+000 3.497517e+001 4.897562e+001
299 0.000000e+000 6.641856e+001 6.142956e+001
300 0.000000e+000 5.264671e+001 6.123705e+001
301 0.000000e+000 5.396190e+001 3.551181e+001
302 0.000000e+000 6.119214e+001 4.783897e+001
303 0.000000e+000 3.896283e+001 3.697980e+001
304 0.000000e+000 3.848754e+001 6.086692e+001
305 0.000000e+000 4.722567e+001 4.854352e+001
306 4.393092e+001 3.217386e+001 5.900027e+001
307 3.706930e+001 6.646080e+001 6.723658e+001
308 2.213344e+001 8.720874e+001 6.782290e+001
309 2.851726e+001 4.530496e+001 7.110994e+001
310 2.726134e+001 5.932439e+001 7.320084e+001
311 5.461000e+001 8.734343e+001 7.181521e+001
312 7.343615e+001 7.950250e+001 7.005983e+001
313 2.709347e+001 8.941106e+001 5.493288e+001
314 2.394473e+001 8.642168e+001 3.094376e+001
315 7.650700e+001 5.640428e+001 6.864997e+001
316 7.563098e+001 6.464598e+001 4.760432e+001
317 7.604742e+001 7.766933e+001 5.459902e+001
318 5.605153e+001 1.208451e+001 6.725738e+001
319 4.738927e+001 3.417160e+001 7.236855e+001
320 5.194880e+001 4.155034e+001 5.063176e+001
321 4.732085e+001 6.674704e+001 7.572179e+001
322 5.085068e+001 6.052734e+001 4.771482e+001
323 4.723279e+001 6.392326e+001 2.336243e+001
324 5.696961e+001 7.719838e+001 5.204744e+001
325 5.830156e+001 8.921262e+001 2.073358e+001
326 2.211246e+001 1.125958e+001 7.366904e+001
327 2.267210e+001 1.611469e+001 4.473240e+001
328 3.176853e+001 3.419594e+001 5.080722e+001
329 3.222445e+001 5.847059e+001 4.820172e+001
330 3.015884e+001 5.811946e+001 3.390741e+001
331 6.805061e+001 1.093313e+001 7.127904e+001
332 7.918961e+001 3.575292e+001 7.832556e+001
333 7.369220e+001 4.263472e+001 5.018811e+001
334 6.914877e+001 3.717298e+001 2.966045e+001
335 7.038229e+001 6.268488e+001 2.958370e+001
336 6.845326e+001 9.079442e+001 9.134003e+001
337 7.980506e+001 8.939824e+001 2.428891e+001
338 5.815784e+001 9.077306e+001 9.139039e+001
339 6.172987e+001 8.761309e+001 7.936560e+001
340 8.831462e+001 8.862008e+001 9.002739e+001
341 7.708335e+001 8.991989e+001 8.171390e+001
342 9.141354e+001 9.054475e+001 8.033107e+001
343 7.250884e+001 2.133143e+001 3.190230e+001
344 5.509749e+001 1.144788e+001 2.363330e+001
345 4.860596e+001 1.640919e+001 4.939967e+001
346 5.161242e+001 4.076784e+001 3.260664e+001
347 2.968701e+001 3.661617e+001 2.933483e+001
348 4.960884e+001 9.027390e+001 9.871864e+000
349 3.521504e+001 7.291943e+001 1.216494e+001
350 3.428445e+001 8.790565e+001 1.260725e+001
351 2.043678e+001 9.099757e+001 9.650112e+000
352 5.720542e+001 8.006194e+001 1.078796e+001
353 8.729250e+001 7.985374e+001 1.201033e+001
354 9.039771e+001 9.122311e+001 9.024543e+000
355 9.025432e+001 9.123825e+001 2.030131e+001
356 7.813176e+001 2.249979e+001 5.568570e+001
357 4.374631e+001 1.031681e+001 9.022229e+001
358 2.231576e+001 1.003532e+001 2.349468e+001
359 3.008053e+001 1.062453e+001 8.540520e+001
360 5.103133e+001 2.085137e+001 8.958123e+001
361 5.642112e+001 9.738101e+000 8.885473e+001
362 8.239736e+001 2.661674e+001 8.918556e+001
363 8.927004e+001 1.255920e+001 8.869237e+001
364 8.863373e+000 1.174335e+001 1.036595e+001
365 3.749286e+001 1.410837e+001 9.999005e+000
366 3.505045e+001 1.032998e+001 2.127444e+001
367 5.562466e+001 1.458638e+001 1.112913e+001
368 8.631593e+001 1.245458e+001 1.045202e+001
369 9.035666e+001 1.047927e+001 2.038159e+001
370 9.048920e+001 4.139237e+001 9.609304e+000
371 9.053657e+001 2.747020e+001 9.313897e+000
372 8.614713e+001 5.605813e+001 1.067854e+001
373 9.008481e+001 5.722330e+001 2.227060e+001
374 8.932195e+001 9.009383e+001 3.266494e+001
375 8.780019e+001 7.916251e+001 2.562072e+001
376 7.944782e+001 8.886284e+001 5.715685e+001
377 9.112206e+001 8.786841e+001 5.632178e+001
378 8.793535e+001 8.991574e+001 6.947154e+001
379 8.871829e+001 3.912258e+001 9.061834e+001
380 9.120419e+001 3.224109e+001 8.061102e+001
381 9.184786e+001 5.333495e+001 9.120566e+001
382 9.084721e+001 6.651244e+001 9.050855e+001
383 8.358802e+001 1.146155e+001 3.243729e+001
384 8.750236e+001 2.426314e+001 3.497840e+001
385 9.077816e+001 1.045873e+001 4.523685e+001
386 8.026725e+001 1.022974e+001 5.067853e+001
387 9.036911e+001 1.245425e+001 5.826053e+001
388 1.788937e+001 3.433077e+001 1.136967e+001
389 9.680481e+000 2.468059e+001 9.000880e+000
390 8.569682e+000 3.198608e+001 2.020984e+001
391 1.240054e+001 7.015179e+001 1.010698e+001
392 1.084694e+001 5.564758e+001 1.428528e+001
393 9.602663e+000 9.142066e+001 3.244615e+001
394 1.210739e+001 8.089607e+001 3.294411e+001
395 1.243797e+001 8.794712e+001 2.029732e+001
396 1.101803e+001 9.018308e+001 7.051751e+001
397 1.985404e+001 3.070169e+001 9.069563e+001
398 8.558648e+000 3.169690e+001 9.126936e+001
399 1.002262e+001 3.600850e+001 7.941892e+001
400 1.197258e+001 7.332297e+001 9.018947e+001
401 1.166199e+001 5.832150e+001 8.887699e+001
402 2.330875e+001 8.623305e+000 3.593628e+001
403 1.349265e+001 1.226926e+001 3.257323e+001
404 1.277116e+001 9.039001e+000 4.437116e+001
405 9.542550e+000 1.022296e+001 5.621557e+001
406 1.135559e+001 1.452491e+001 6.721794e+001
407 7.826955e+001 9.069589e+001 1.044569e+001
408 7.784587e+001 9.080076e+000 2.181313e+001
409 9.938023e+000 8.108512e+001 9.990150e+000
410 2.215761e+001 7.910711e+001 1.088928e+001
411 1.243276e+001 7.592820e+001 2.106510e+001
412 9.718975e+000 9.127330e+001 8.053479e+001
413 1.398474e+001 7.886228e+001 7.837499e+001
414 1.241249e+001 1.102582e+001 8.505378e+001
415 1.143517e+001 2.426408e+001 7.926681e+001
416 1.093093e+001 2.083056e+001 9.111009e+001
417 1.227549e+001 8.788403e+001 9.029235e+001
418 7.393675e+001 7.852678e+001 8.752648e+001
419 5.974884e+001 7.886081e+001 8.996444e+001
420 8.607489e+001 7.836854e+001 7.967348e+001
421 8.860272e+001 7.709426e+001 6.411974e+001
422 7.057357e+001 2.542454e+001 7.597417e+001
423 8.718844e+001 2.167912e+001 7.717715e+001
424 7.331004e+001 4.518266e+001 8.878215e+001
425 8.906564e+001 4.506769e+001 7.908569e+001
426 9.008839e+001 4.459953e+001 6.628978e+001
427 4.559836e+001 1.157922e+001 7.915386e+001
428 6.766177e+001 8.290718e+000 9.028924e+001
429 7.759955e+001 1.142370e+001 8.418371e+001
430 6.522626e+001 1.917838e+001 8.647358e+001
431 6.777919e+001 3.229300e+001 8.911953e+001
432 3.592074e+001 4.568180e+001 8.837264e+001
433 2.305029e+001 4.719671e+001 8.818106e+001
434 1.107003e+001 4.318825e+001 8.828141e+001
435 1.662095e+001 5.189571e+001 7.739754e+001
436 1.206730e+001 4.700173e+001 6.462220e+001
437 2.184939e+001 6.658905e+001 8.589921e+001
438 1.020156e+001 6.653295e+001 7.930691e+001
439 4.598215e+001 7.677600e+001 9.105836e+001
440 4.499089e+001 6.416178e+001 8.746079e+001
441 5.039473e+001 7.834102e+001 7.911694e+001
442 4.653113e+001 8.857200e+001 8.972826e+001
443 4.771287e+001 9.044657e+001 7.847158e+001
444 4.581073e+001 8.798808e+001 6.771575e+001
445 2.386317e+001 8.024099e+001 8.937086e+001
446 3.215383e+001 3.504939e+001 9.019564e+001
447 2.157773e+001 3.560220e+001 7.879621e+001
448 2.450844e+001 2.294189e+001 8.133730e+001
449 3.562318e+001 2.228778e+001 8.872795e+001
450 3.361936e+001 1.758355e+001 7.172571e+001
451 5.658854e+001 5.517175e+001 8.761297e+001
452 5.546670e+001 6.854036e+001 8.621881e+001
453 6.262697e+001 7.073741e+001 7.790930e+001
454 5.648022e+001 7.615001e+001 6.655152e+001
455 5.681702e+001 3.061454e+001 9.116475e+001
456 5.796882e+001 3.206833e+001 7.943104e+001
457 5.676862e+001 1.965092e+001 7.597183e+001
458 5.722231e+001 4.365555e+001 8.890968e+001
459 5.454680e+001 4.474512e+001 7.796645e+001
460 6.689153e+001 6.379007e+001 8.788691e+001
461 6.697729e+001 5.375050e+001 7.642119e+001
462 6.748075e+001 4.080061e+001 7.892072e+001
463 7.979451e+001 6.781769e+001 8.996317e+001
464 8.109818e+001 5.632523e+001 8.804253e+001
465 7.870253e+001 5.068579e+001 7.765781e+001
466 7.707931e+001 6.409820e+001 7.736350e+001
467 7.933642e+001 6.602286e+001 6.414840e+001
468 3.220431e+001 5.818344e+001 8.761657e+001
469 3.660488e+001 5.434895e+001 7.738502e+001
470 3.351512e+001 7.059827e+001 9.085440e+001
471 3.387837e+001 6.585094e+001 7.922860e+001
472 4.638566e+001 3.524962e+001 8.744318e+001
473 4.490609e+001 5.145584e+001 8.954450e+001
474 4.443807e+001 4.515694e+001 8.066960e+001
475 4.785451e+001 5.463568e+001 7.668354e+001
476 5.658171e+001 5.953099e+001 7.840301e+001
477 2.144609e+001 1.195587e+001 1.150792e+001
478 9.898668e+000 8.956961e+000 2.075782e+001
479 9.218909e+000 9.142284e+001 9.188523e+000
480 2.487323e+001 4.671868e+001 1.286206e+001
481 1.179363e+001 4.312273e+001 8.866279e+000
482 1.346407e+001 4.307241e+001 2.137492e+001
483 9.006480e+000 4.402341e+001 3.868711e+001
484 4.570484e+001 7.969802e+001 7.884860e+000
485 4.394419e+001 8.949472e+001 2.208321e+001
486 8.085172e+001 6.823769e+001 8.664952e+000
487 9.033089e+001 6.818192e+001 1.121425e+001
488 9.200929e+001 6.912033e+001 2.205563e+001
489 7.910943e+001 6.742505e+001 2.179638e+001
490 8.852665e+001 6.640393e+001 3.247688e+001
491 2.300110e+001 6.263990e+001 1.033884e+001
492 2.569901e+001 6.778309e+001 2.086168e+001
493 1.171250e+001 6.480762e+001 2.122672e+001
494 6.477650e+001 9.103410e+001 9.374164e+000
495 7.137884e+001 7.935882e+001 1.247936e+001
496 7.029728e+001 6.774029e+001 8.813297e+000
497 7.010880e+001 9.165836e+001 1.988257e+001
498 7.911401e+001 3.966570e+001 9.525972e+000
499 8.034569e+001 4.749659e+001 2.051912e+001
500 9.118605e+001 4.638610e+001 1.903467e+001
501 4.790750e+001 2.980716e+001 9.910704e+000
502 4.609669e+001 2.049487e+001 2.006636e+001
503 4.566945e+001 8.176348e+000 2.057279e+001
504 4.338603e+001 1.299528e+001 3.101996e+001
505 2.422142e+001 8.054674e+001 2.144776e+001
506 2.227844e+001 2.317859e+001 9.718295e+000
507 3.326975e+001 3.287670e+001 1.202867e+001
508 3.090201e+001 2.146612e+001 2.202559e+001
509 1.270688e+001 2.094176e+001 2.127590e+001
510 2.270784e+001 2.255809e+001 3.298501e+001
511 3.707336e+001 6.795092e+001 2.768436e+001
512 3.487793e+001 8.020121e+001 2.356927e+001
513 3.547070e+001 5.757230e+001 1.433155e+001
514 3.603771e+001 5.756523e+001 2.570565e+001
515 2.281674e+001 5.452530e+001 2.318142e+001
516 6.876490e+001 2.277417e+001 1.099492e+001
517 6.218889e+001 2.351686e+001 2.318278e+001
518 6.120164e+001 3.214768e+001 1.373807e+001
519 5.421127e+001 4.402497e+001 1.459050e+001
520 5.421541e+001 2.181861e+001 3.405879e+001
521 2.152049e+001 3.138758e+001 2.146856e+001
522 8.024377e+001 2.423451e+001 9.079198e+000
523 9.007382e+001 2.239155e+001 2.057728e+001
524 7.862946e+001 1.930370e+001 2.035774e+001
525 7.217464e+001 5.649355e+001 1.213794e+001
526 7.172850e+001 5.324764e+001 2.564300e+001
527 8.010788e+001 5.665586e+001 2.066432e+001
528 8.101959e+001 5.690190e+001 3.264125e+001
529 6.763833e+001 4.487291e+001 1.403020e+001
530 5.871123e+001 6.671318e+001 1.380878e+001
531 4.744476e+001 6.846687e+001 9.628942e+000
532 5.871985e+001 5.457281e+001 9.646999e+000
533 5.935525e+001 5.425352e+001 2.522982e+001
534 6.767011e+001 6.565723e+001 2.085966e+001
535 5.931661e+001 6.690951e+001 3.184384e+001
536 4.187221e+001 4.353839e+001 1.153330e+001
537 4.481448e+001 3.341882e+001 2.290766e+001
538 3.566091e+001 4.713111e+001 2.605931e+001
539 4.757366e+001 5.586367e+001 1.138280e+001
540 4.593219e+001 5.061259e+001 2.239595e+001
541 4.349136e+001 5.641491e+001 3.742884e+001
542 2.326792e+001 9.076234e+001 1.919782e+001
543 4.201221e+001 8.949628e+001 4.592103e+001
544 2.147079e+001 8.915211e+001 4.227020e+001
545 1.962540e+001 7.729321e+001 4.205696e+001
546 9.288953e+000 9.069958e+001 4.326315e+001
547 8.763540e+000 8.046160e+001 4.354439e+001
548 1.186733e+001 6.707928e+001 4.434183e+001
549 9.868726e+000 7.980511e+001 6.756100e+001
550 6.851464e+001 9.092164e+001 4.805244e+001
551 7.870836e+001 8.930998e+001 4.042215e+001
552 8.703973e+001 7.753299e+001 4.428641e+001
553 9.042308e+001 9.082418e+001 4.508766e+001
554 2.327396e+001 8.991125e+001 8.060983e+001
555 3.548220e+001 9.002923e+001 8.197942e+001
556 3.544806e+001 7.782618e+001 7.869726e+001
557 3.483035e+001 8.766303e+001 6.681102e+001
558 3.308945e+001 9.170543e+001 2.268844e+001
559 3.686112e+001 9.083581e+001 3.395329e+001
560 2.230855e+001 7.027101e+001 3.333726e+001
561 6.251741e+001 8.695077e+001 6.045043e+001
562 6.685512e+001 8.848336e+001 3.360254e+001
563 7.827752e+001 7.920802e+001 3.320997e+001
564 7.525822e+001 6.800092e+001 3.720794e+001
565 1.461572e+001 8.264133e+001 5.531358e+001
566 3.160728e+001 7.739883e+001 6.109536e+001
567 5.654002e+001 8.733380e+001 4.608422e+001
568 6.845483e+001 7.752675e+001 4.391064e+001
569 6.813913e+001 6.564321e+001 6.926116e+001
570 5.093820e+001 8.940653e+001 3.374565e+001
571 5.762257e+001 7.898378e+001 3.574559e+001
572 3.425325e+001 7.560652e+001 4.410354e+001
573 4.502730e+001 8.359492e+001 5.609665e+001
574 5.645818e+001 6.807763e+001 5.698360e+001
575 6.700995e+001 1.630031e+001 4.549787e+001
576 8.139477e+001 2.180368e+001 4.443763e+001
577 9.089127e+001 2.141107e+001 5.031829e+001
578 8.939105e+001 3.368705e+001 4.528452e+001
579 8.812183e+001 9.935226e+000 7.310579e+001
580 7.854925e+001 1.392789e+001 6.628695e+001
581 7.282697e+001 1.070072e+001 9.900855e+000
582 6.733058e+001 1.088353e+001 2.019691e+001
583 6.629593e+001 1.034041e+001 3.189156e+001
584 1.245403e+001 2.236953e+001 4.894177e+001
585 5.562030e+001 9.148474e+000 3.886574e+001
586 4.058896e+001 1.477052e+001 5.506135e+001
587 2.416811e+001 1.129267e+001 5.643685e+001
588 3.044301e+001 2.303108e+001 5.526319e+001
589 2.178091e+001 3.213829e+001 5.651065e+001
590 2.161395e+001 2.303779e+001 6.683135e+001
591 3.244836e+001 1.145082e+001 3.246285e+001
592 3.814572e+001 2.435681e+001 3.211313e+001
593 5.407930e+001 1.081265e+001 5.430334e+001
594 6.819573e+001 1.009296e+001 5.762177e+001
595 6.616310e+001 2.138273e+001 6.247261e+001
596 7.806159e+001 2.925368e+001 6.629502e+001
597 4.447986e+001 9.901624e+000 6.702643e+001
598 4.526664e+001 2.144759e+001 6.630105e+001
599 4.448692e+001 1.026328e+001 4.289476e+001
600 4.417827e+001 2.051599e+001 4.276215e+001
601 3.206911e+001 9.847618e+000 4.597255e+001
602 3.296512e+001 2.032114e+001 4.211397e+001
603 3.140118e+001 3.083411e+001 3.965715e+001
604 8.247028e+001 3.393945e+001 2.155781e+001
605 8.890297e+001 3.624817e+001 3.500560e+001
606 9.020063e+001 5.639403e+001 8.031202e+001
607 8.973248e+001 6.684775e+001 7.760027e+001
608 8.622579e+001 5.577183e+001 7.071304e+001
609 8.911232e+001 3.392645e+001 6.906112e+001
610 8.782369e+001 3.303310e+001 5.588958e+001
611 9.175143e+001 5.459854e+001 3.381246e+001
612 8.861870e+001 2.237150e+001 6.460634e+001
613 9.169962e+001 6.393962e+001 6.413663e+001
614 8.673054e+001 6.615774e+001 5.500465e+001
615 7.849265e+001 3.956383e+001 5.820538e+001
616 6.600643e+001 3.346854e+001 5.454500e+001
617 7.642018e+001 5.429759e+001 5.474904e+001
618 7.637692e+001 3.333036e+001 4.393199e+001
619 8.716949e+001 5.231185e+001 5.879175e+001
620 8.479136e+001 4.771864e+001 4.464205e+001
621 8.760160e+001 4.689039e+001 3.033497e+001
622 7.810837e+001 4.537745e+001 3.360533e+001
623 8.872208e+001 6.192888e+001 4.475261e+001
624 1.348073e+001 3.429525e+001 6.670475e+001
625 9.254028e+000 2.243078e+001 3.386465e+001
626 1.173431e+001 3.292236e+001 3.314331e+001
627 1.099482e+001 4.060043e+001 5.357686e+001
628 1.243130e+001 5.618281e+001 3.142565e+001
629 1.170115e+001 5.294973e+001 4.547859e+001
630 1.031335e+001 6.960108e+001 5.770758e+001
631 1.059064e+001 5.630391e+001 5.668428e+001
632 7.795257e+000 6.933649e+001 6.890226e+001
633 2.071305e+001 6.820045e+001 6.782543e+001
634 2.060932e+001 5.442486e+001 6.499733e+001
635 9.391629e+000 5.843791e+001 6.762896e+001
636 2.317877e+001 4.598709e+001 5.481393e+001
637 2.523537e+001 6.860425e+001 5.243745e+001
638 2.143612e+001 4.605665e+001 3.723914e+001
639 2.101559e+001 3.278955e+001 4.385999e+001
640 5.299164e+001 2.422630e+001 5.436969e+001
641 5.464841e+001 1.915758e+001 4.438328e+001
642 4.431877e+001 2.512440e+001 7.859826e+001
643 3.666501e+001 4.355096e+001 5.596708e+001
644 3.437217e+001 4.493292e+001 4.231936e+001
645 3.499603e+001 3.489511e+001 7.924875e+001
646 4.460467e+001 6.763566e+001 5.440333e+001
647 4.850857e+001 6.840445e+001 3.939449e+001
648 5.964438e+001 6.697475e+001 4.608877e+001
649 4.364219e+001 7.556623e+001 6.678649e+001
650 3.218206e+001 3.248603e+001 6.630809e+001
651 3.244775e+001 5.645234e+001 6.170132e+001
652 2.059687e+001 5.943727e+001 5.430963e+001
653 6.690464e+001 5.546757e+001 6.335934e+001
654 7.791434e+001 4.545862e+001 6.816838e+001
655 5.496351e+001 6.303640e+001 6.666577e+001
656 4.484442e+001 5.661966e+001 6.584898e+001
657 4.232151e+001 4.499244e+001 6.746265e+001
658 4.473091e+001 5.285716e+001 5.344021e+001
659 5.609510e+001 4.576828e+001 6.634446e+001
660 5.673403e+001 2.952776e+001 6.540462e+001
661 5.645100e+001 5.724704e+001 5.597366e+001
662 5.682322e+001 5.434629e+001 4.277777e+001
663 6.657746e+001 6.841123e+001 5.790767e+001
664 6.784756e+001 3.807304e+001 6.732755e+001
665 6.571500e+001 4.660117e+001 5.586123e+001
666 6.688059e+001 4.524176e+001 4.165633e+001
667 6.588465e+001 5.749595e+001 5.052481e+001
668 6.976436e+001 5.689435e+001 3.904462e+001
669 4.380456e+001 3.128955e+001 4.380450e+001
670 6.072562e+001 3.098496e+001 4.250082e+001
671 4.832488e+001 7.841067e+001 4.437483e+001
672 4.852079e+001 7.817333e+001 2.013468e+001
673 6.667591e+001 7.865683e+001 2.341680e+001
674 6.927055e+001 7.365801e+001 3.129146e+001
675 4.234976e+001 7.868849e+001 3.282553e+001
676 2.163530e+001 5.716804e+001 4.296758e+001
1 102 9 8 
2 102 10 9 
3 102 11 10 
4 102 12 11 
5 102 13 12 
6 102 14 13 
7 102 6 14 
8 102 15 6 
9 102 16 15 
10 102 17 16 
11 102 18 17 
12 102 19 18 
13 102 20 19 
14 102 2 20 
15 102 4 21 
16 102 21 22 
17 102 22 23 
18 102 23 24 
19 102 24 25 
20 102 25 26 
21 102 26 2 
22 102 8 27 
23 102 27 28 
24 102 28 29 
25 102 29 30 
26 102 30 31 
27 102 31 32 
28 102 32 4 
29 102 7 33 
30 102 33 34 
31 102 34 35 
32 102 35 36 
33 102 36 37 
34 102 37 38 
35 102 38 5 
36 102 5 39 
37 102 39 40 
38 102 40 41 
39 102 41 42 
40 102 42 43 
41 102 43 44 
42 102 44 1 
43 102 45 3 
44 102 46 45 
45 102 47 46 
46 102 48 47 
47 102 49 48 
48 102 50 49 
49 102 1 50 
50 102 51 7 
51 102 52 51 
52 102 53 52 
53 102 54 53 
54 102 55 54 
55 102 56 55 
56 102 3 56 
57 102 57 1 
58 102 58 57 
59 102 59 58 
60 102 60 59 
61 102 61 60 
62 102 62 61 
63 102 2 62 
64 102 5 63 
65 102 63 64 
66 102 64 65 
67 102 65 66 
68 102 66 67 
69 102 67 68 
70 102 68 6 
71 102 3 69 
72 102 69 70 
73 102 70 71 
74 102 71 72 
75 102 72 73 
76 102 73 74 
77 102 74 4 
78 102 75 7 
79 102 76 75 
80 102 77 76 
81 102 78 77 
82 102 79 78 
83 102 80 79 
84 102 8 80 
85 203 9 8 27 
86 203 10 9 81 
87 203 11 10 82 
88 203 10 81 82 
89 203 12 11 83 
90 203 11 82 83 
91 203 13 12 84 
92 203 12 83 84 
93 203 14 13 85 
94 203 13 84 85 
95 203 6 14 15 
96 203 16 15 86 
97 203 17 16 87 
98 203 16 86 87 
99 203 18 17 88 
100 203 17 87 88 
101 203 19 18 89 
102 203 18 88 89 
103 203 20 19 90 
104 203 19 89 90 
105 203 2 20 26 
106 203 4 21 32 
107 203 21 22 91 
108 203 23 24 92 
109 203 25 26 93 
110 203 32 21 91 
111 203 27 28 94 
112 203 29 30 95 
113 203 31 32 96 
114 203 32 91 96 
115 203 15 14 85 
116 203 26 20 90 
117 203 92 24 97 
118 203 24 25 97 
119 203 91 22 98 
120 203 22 23 98 
121 203 23 92 98 
122 203 25 93 97 
123 203 94 28 99 
124 203 28 29 99 
125 203 29 95 99 
126 203 30 31 100 
127 203 9 27 94 
128 203 95 30 100 
129 203 81 9 94 
130 203 83 82 101 
131 203 84 83 102 
132 203 83 101 102 
133 203 85 84 103 
134 203 84 102 103 
135 203 86 15 85 
136 203 92 97 104 
137 203 94 99 105 
138 203 88 87 106 
139 203 89 88 107 
140 203 88 106 107 
141 203 93 26 90 
142 203 97 93 108 
143 203 104 97 108 
144 203 93 90 108 
145 203 98 92 109 
146 203 92 104 109 
147 203 81 94 105 
148 203 91 98 96 
149 203 100 31 96 
150 203 95 100 110 
151 203 82 81 105 
152 203 100 96 110 
153 203 86 85 103 
154 203 96 98 109 
155 203 101 82 105 
156 203 105 99 111 
157 203 99 95 111 
158 203 87 86 103 
159 203 90 89 108 
160 203 110 96 109 
161 203 108 89 107 
162 203 87 103 106 
163 203 95 110 111 
164 203 103 102 106 
165 203 109 104 112 
166 203 101 105 113 
167 203 105 111 113 
168 203 110 109 112 
169 203 107 106 114 
170 203 104 108 107 
171 203 110 112 111 
172 203 113 114 101 
173 203 106 102 114 
174 203 102 101 114 
175 203 104 107 115 
176 203 112 104 115 
177 203 115 107 114 
178 203 113 111 112 
179 203 113 112 115 
180 203 114 113 115 
181 203 7 33 51 
182 203 33 34 116 
183 203 35 36 117 
184 203 37 38 118 
185 203 38 5 39 
186 203 39 40 119 
187 203 41 42 120 
188 203 43 44 121 
189 203 44 1 50 
190 203 45 3 56 
191 203 46 45 122 
192 203 47 46 123 
193 203 46 122 123 
194 203 48 47 124 
195 203 47 123 124 
196 203 49 48 125 
197 203 48 124 125 
198 203 45 56 122 
199 203 52 51 126 
200 203 53 52 127 
201 203 52 126 127 
202 203 54 53 128 
203 203 53 127 128 
204 203 55 54 129 
205 203 54 128 129 
206 203 56 55 130 
207 203 122 56 130 
208 203 55 129 130 
209 203 44 50 121 
210 203 116 34 131 
211 203 34 35 131 
212 203 35 117 131 
213 203 36 37 132 
214 203 38 39 119 
215 203 119 40 133 
216 203 40 41 133 
217 203 41 120 133 
218 203 42 43 134 
219 203 36 132 117 
220 203 50 49 135 
221 203 51 33 116 
222 203 120 42 134 
223 203 132 37 118 
224 203 134 43 121 
225 203 135 49 125 
226 203 131 117 136 
227 203 134 121 137 
228 203 38 119 118 
229 203 132 118 138 
230 203 133 120 139 
231 203 117 132 140 
232 203 132 138 140 
233 203 123 122 141 
234 203 122 130 141 
235 203 124 123 142 
236 203 123 141 142 
237 203 125 124 143 
238 203 124 142 143 
239 203 127 126 144 
240 203 51 116 126 
241 203 120 134 145 
242 203 134 137 145 
243 203 121 50 135 
244 203 128 127 146 
245 203 127 144 146 
246 203 129 128 147 
247 203 128 146 147 
248 203 121 135 137 
249 203 118 119 138 
250 203 126 116 144 
251 203 139 120 145 
252 203 144 116 131 
253 203 133 139 138 
254 203 119 133 138 
255 203 117 140 136 
256 203 125 143 135 
257 203 137 135 143 
258 203 129 147 130 
259 203 131 136 144 
260 203 139 154 138 
261 203 136 140 148 
262 203 141 130 147 
263 203 143 142 149 
264 203 139 145 150 
265 203 136 153 144 
266 203 147 146 151 
267 203 147 151 141 
268 203 142 141 152 
269 203 152 141 151 
270 203 149 142 152 
271 203 150 145 149 
272 203 146 144 153 
273 203 145 137 149 
274 203 140 138 154 
275 203 137 143 149 
276 203 148 140 154 
277 203 153 136 148 
278 203 146 153 151 
279 203 139 150 154 
280 203 154 150 155 
281 203 148 154 155 
282 203 149 152 150 
283 203 155 150 152 
284 203 153 148 155 
285 203 152 151 155 
286 203 153 155 151 
287 203 39 5 63 
288 203 40 39 156 
289 203 41 40 157 
290 203 40 156 157 
291 203 42 41 158 
292 203 41 157 158 
293 203 43 42 159 
294 203 42 158 159 
295 203 44 43 160 
296 203 43 159 160 
297 203 1 44 57 
298 203 58 57 161 
299 203 59 58 162 
300 203 58 161 162 
301 203 60 59 163 
302 203 59 162 163 
303 203 61 60 164 
304 203 60 163 164 
305 203 62 61 165 
306 203 61 164 165 
307 203 2 62 20 
308 203 6 15 68 
309 203 15 16 166 
310 203 17 18 167 
311 203 19 20 168 
312 203 68 15 166 
313 203 63 64 169 
314 203 65 66 170 
315 203 67 68 171 
316 203 68 166 171 
317 203 57 44 160 
318 203 20 62 165 
319 203 167 18 172 
320 203 18 19 172 
321 203 166 16 173 
322 203 16 17 173 
323 203 17 167 173 
324 203 19 168 172 
325 203 169 64 174 
326 203 64 65 174 
327 203 65 170 174 
328 203 66 67 175 
329 203 39 63 169 
330 203 170 66 175 
331 203 156 39 169 
332 203 158 157 176 
333 203 159 158 177 
334 203 158 176 177 
335 203 160 159 178 
336 203 159 177 178 
337 203 161 57 160 
338 203 167 172 179 
339 203 169 174 180 
340 203 163 162 181 
341 203 164 163 182 
342 203 163 181 182 
343 203 168 20 165 
344 203 172 168 183 
345 203 179 172 183 
346 203 168 165 183 
347 203 173 167 184 
348 203 167 179 184 
349 203 156 169 180 
350 203 166 173 171 
351 203 175 67 171 
352 203 170 175 185 
353 203 157 156 180 
354 203 175 171 185 
355 203 161 160 178 
356 203 171 173 184 
357 203 176 157 180 
358 203 180 174 186 
359 203 174 170 186 
360 203 162 161 178 
361 203 165 164 183 
362 203 185 171 184 
363 203 183 164 182 
364 203 162 178 181 
365 203 170 185 186 
366 203 178 177 181 
367 203 184 179 187 
368 203 176 180 188 
369 203 180 186 188 
370 203 185 184 187 
371 203 182 181 189 
372 203 179 183 182 
373 203 185 187 186 
374 203 188 189 176 
375 203 181 177 189 
376 203 177 176 189 
377 203 179 182 190 
378 203 187 179 190 
379 203 190 182 189 
380 203 188 186 187 
381 203 188 187 190 
382 203 189 188 190 
383 203 7 51 75 
384 203 51 52 191 
385 203 53 54 192 
386 203 55 56 193 
387 203 56 3 69 
388 203 69 70 194 
389 203 71 72 195 
390 203 73 74 196 
391 203 74 4 32 
392 203 27 8 80 
393 203 28 27 197 
394 203 29 28 198 
395 203 28 197 198 
396 203 30 29 199 
397 203 29 198 199 
398 203 31 30 200 
399 203 30 199 200 
400 203 27 80 197 
401 203 76 75 201 
402 203 77 76 202 
403 203 76 201 202 
404 203 78 77 203 
405 203 77 202 203 
406 203 79 78 204 
407 203 78 203 204 
408 203 80 79 205 
409 203 197 80 205 
410 203 79 204 205 
411 203 74 32 196 
412 203 191 52 206 
413 203 52 53 206 
414 203 53 192 206 
415 203 54 55 207 
416 203 56 69 194 
417 203 194 70 208 
418 203 70 71 208 
419 203 71 195 208 
420 203 72 73 209 
421 203 54 207 192 
422 203 32 31 210 
423 203 75 51 191 
424 203 195 72 209 
425 203 207 55 193 
426 203 209 73 196 
427 203 210 31 200 
428 203 206 192 211 
429 203 209 196 212 
430 203 56 194 193 
431 203 207 193 213 
432 203 208 195 214 
433 203 192 207 215 
434 203 207 213 215 
435 203 198 197 216 
436 203 197 205 216 
437 203 199 198 217 
438 203 198 216 217 
439 203 200 199 218 
440 203 199 217 218 
441 203 202 201 219 
442 203 75 191 201 
443 203 195 209 220 
444 203 209 212 220 
445 203 196 32 210 
446 203 203 202 221 
447 203 202 219 221 
448 203 204 203 222 
449 203 203 221 222 
450 203 196 210 212 
451 203 193 194 213 
452 203 201 191 219 
453 203 214 195 220 
454 203 219 191 206 
455 203 208 214 213 
456 203 194 208 213 
457 203 192 215 211 
458 203 200 218 210 
459 203 212 210 218 
460 203 204 222 205 
461 203 206 211 219 
462 203 214 229 213 
463 203 211 215 223 
464 203 216 205 222 
465 203 218 217 224 
466 203 214 220 225 
467 203 211 228 219 
468 203 222 221 226 
469 203 222 226 216 
470 203 217 216 227 
471 203 227 216 226 
472 203 224 217 227 
473 203 225 220 224 
474 203 221 219 228 
475 203 220 212 224 
476 203 215 213 229 
477 203 212 218 224 
478 203 223 215 229 
479 203 228 211 223 
480 203 221 228 226 
481 203 214 225 229 
482 203 229 225 230 
483 203 223 229 230 
484 203 224 227 225 
485 203 230 225 227 
486 203 228 223 230 
487 203 227 226 230 
488 203 228 230 226 
489 203 69 3 45 
490 203 70 69 231 
491 203 71 70 232 
492 203 70 231 232 
493 203 72 71 233 
494 203 71 232 233 
495 203 73 72 234 
496 203 72 233 234 
497 203 74 73 235 
498 203 73 234 235 
499 203 4 74 21 
500 203 22 21 236 
501 203 23 22 237 
502 203 22 236 237 
503 203 24 23 238 
504 203 23 237 238 
505 203 25 24 239 
506 203 24 238 239 
507 203 26 25 240 
508 203 25 239 240 
509 203 2 26 62 
510 203 1 57 50 
511 203 57 58 241 
512 203 59 60 242 
513 203 61 62 243 
514 203 50 57 241 
515 203 45 46 244 
516 203 47 48 245 
517 203 49 50 246 
518 203 50 241 246 
519 203 21 74 235 
520 203 62 26 240 
521 203 242 60 247 
522 203 60 61 247 
523 203 241 58 248 
524 203 58 59 248 
525 203 59 242 248 
526 203 61 243 247 
527 203 244 46 249 
528 203 46 47 249 
529 203 47 245 249 
530 203 48 49 250 
531 203 69 45 244 
532 203 245 48 250 
533 203 231 69 244 
534 203 233 232 251 
535 203 234 233 252 
536 203 233 251 252 
537 203 235 234 253 
538 203 234 252 253 
539 203 236 21 235 
540 203 242 247 254 
541 203 244 249 255 
542 203 238 237 256 
543 203 239 238 257 
544 203 238 256 257 
545 203 243 62 240 
546 203 247 243 258 
547 203 254 247 258 
548 203 243 240 258 
549 203 248 242 259 
550 203 242 254 259 
551 203 231 244 255 
552 203 241 248 246 
553 203 250 49 246 
554 203 245 250 260 
555 203 232 231 255 
556 203 250 246 260 
557 203 236 235 253 
558 203 246 248 259 
559 203 251 232 255 
560 203 255 249 261 
561 203 249 245 261 
562 203 237 236 253 
563 203 240 239 258 
564 203 260 246 259 
565 203 258 239 257 
566 203 237 253 256 
567 203 245 260 261 
568 203 253 252 256 
569 203 259 254 262 
570 203 251 255 263 
571 203 255 261 263 
572 203 260 259 262 
573 203 257 256 264 
574 203 254 258 257 
575 203 260 262 261 
576 203 263 264 251 
577 203 256 252 264 
578 203 252 251 264 
579 203 254 257 265 
580 203 262 254 265 
581 203 265 257 264 
582 203 263 261 262 
583 203 263 262 265 
584 203 264 263 265 
585 203 7 75 33 
586 203 75 76 266 
587 203 77 78 267 
588 203 79 80 268 
589 203 80 8 9 
590 203 9 10 269 
591 203 11 12 270 
592 203 13 14 271 
593 203 14 6 68 
594 203 63 5 38 
595 203 64 63 272 
596 203 65 64 273 
597 203 64 272 273 
598 203 66 65 274 
599 203 65 273 274 
600 203 67 66 275 
601 203 66 274 275 
602 203 63 38 272 
603 203 34 33 276 
604 203 35 34 277 
605 203 34 276 277 
606 203 36 35 278 
607 203 35 277 278 
608 203 37 36 279 
609 203 36 278 279 
610 203 38 37 280 
611 203 272 38 280 
612 203 37 279 280 
613 203 14 68 271 
614 203 266 76 281 
615 203 76 77 281 
616 203 77 267 281 
617 203 78 79 282 
618 203 80 9 269 
619 203 269 10 283 
620 203 10 11 283 
621 203 11 270 283 
622 203 12 13 284 
623 203 78 282 267 
624 203 68 67 285 
625 203 33 75 266 
626 203 270 12 284 
627 203 282 79 268 
628 203 284 13 271 
629 203 285 67 275 
630 203 281 267 286 
631 203 284 271 287 
632 203 80 269 268 
633 203 282 268 288 
634 203 283 270 289 
635 203 267 282 290 
636 203 282 288 290 
637 203 273 272 291 
638 203 272 280 291 
639 203 274 273 292 
640 203 273 291 292 
641 203 275 274 293 
642 203 274 292 293 
643 203 277 276 294 
644 203 33 266 276 
645 203 270 284 295 
646 203 284 287 295 
647 203 271 68 285 
648 203 278 277 296 
649 203 277 294 296 
650 203 279 278 297 
651 203 278 296 297 
652 203 271 285 287 
653 203 268 269 288 
654 203 276 266 294 
655 203 289 270 295 
656 203 294 266 281 
657 203 283 289 288 
658 203 269 283 288 
659 203 267 290 286 
660 203 275 293 285 
661 203 287 285 293 
662 203 279 297 280 
663 203 281 286 294 
664 203 289 304 288 
665 203 286 290 298 
666 203 291 280 297 
667 203 293 292 299 
668 203 289 295 300 
669 203 286 303 294 
670 203 297 296 301 
671 203 297 301 291 
672 203 292 291 302 
673 203 302 291 301 
674 203 299 292 302 
675 203 300 295 299 
676 203 296 294 303 
677 203 295 287 299 
678 203 290 288 304 
679 203 287 293 299 
680 203 298 290 304 
681 203 303 286 298 
682 203 296 303 301 
683 203 289 300 304 
684 203 304 300 305 
685 203 298 304 305 
686 203 299 302 300 
687 203 305 300 302 
688 203 303 298 305 
689 203 302 301 305 
690 203 303 305 301 
188 180 186 559 
440 471 556 470 
552 421 254 614 
377 254 552 421 
550 551 317 376 
239 607 257 258 
361 457 360 427 
324 561 568 663 
242 553 60 377 
601 226 587 586 
155 532 150 152 
317 561 663 568 
619 264 610 426 
438 400 413 437 
545 394 548 560 
549 285 396 413 
512 558 314 505 
339 418 453 419 
369 69 244 368 
70 369 69 231 
292 547 273 291 
548 394 545 547 
557 649 566 556 
380 253 423 236 
594 318 224 593 
377 164 163 60 
320 662 346 666 
532 155 519 152 
155 151 153 536 
150 532 149 152 
398 269 10 416 
291 297 628 493 
151 518 141 147 
55 129 130 581 
158 485 176 325 
59 162 163 553 
628 548 676 629 
501 537 502 507 
676 548 628 560 
162 337 178 551 
196 235 363 579 
352 531 484 672 
291 548 394 560 
567 550 568 561 
257 607 606 608 
212 220 580 331 
249 245 500 370 
338 89 88 18 
151 518 519 152 
466 607 467 608 
274 175 275 66 
86 555 445 87 
397 448 94 449 
623 617 619 620 
409 38 119 479 
552 376 421 317 
398 11 434 82 
366 206 503 365 
52 51 126 477 
552 563 551 568 
531 484 672 349 
421 376 552 377 
498 529 141 142 
107 440 452 439 
313 544 543 186 
543 559 675 570 
588 450 586 587 
402 404 327 221 
131 481 277 35 
317 421 552 614 
417 271 14 85 
431 422 430 362 
409 118 38 37 
170 565 544 546 
180 544 314 174 
89 418 336 419 
648 571 568 324 
175 313 185 170 
183 341 312 339 
154 491 138 349 
615 619 654 617 
20 26 62 340 
571 567 568 324 
571 648 568 535 
621 611 528 373 
107 440 439 106 
493 411 280 391 
627 589 584 624 
565 547 544 546 
233 232 385 71 
521 480 388 507 
27 9 80 414 
411 493 280 291 
586 601 599 602 
533 335 668 535 
113 458 115 473 
425 654 609 426 
210 429 196 32 
503 215 344 192 
408 369 368 194 
201 191 219 358 
113 458 473 472 
409 118 37 391 
386 594 356 580 
340 168 341 165 
39 479 119 38 
668 667 617 666 
435 438 633 437 
352 531 672 530 
429 363 196 32 
460 463 464 104 
577 576 610 356 
240 342 62 340 
129 55 54 207 
317 312 663 561 
422 595 580 596 
674 571 568 535 
62 26 20 2 
573 313 566 572 
542 558 314 180 
503 215 192 211 
474 475 473 469 
590 406 624 415 
563 337 551 562 
660 319 306 659 
183 165 164 378 
554 557 556 555 
310 435 633 437 
361 199 200 218 
87 173 16 86 
512 314 559 675 
365 366 477 508 
92 424 464 104 
384 524 383 523 
424 112 458 104 
184 173 554 171 
533 335 535 534 
261 260 611 373 
470 556 87 445 
652 676 629 636 
572 671 573 543 
381 92 464 97 
154 155 148 539 
448 447 397 415 
674 563 673 489 
164 378 60 377 
382 381 464 97 
111 110 360 95 
440 114 115 473 
85 417 86 15 
88 107 439 106 
548 301 629 628 
144 506 388 507 
636 639 644 638 
313 187 557 185 
354 355 241 353 
198 359 427 357 
417 85 86 445 
103 85 445 86 
175 565 275 396 
623 617 614 619 
474 473 458 472 
89 418 419 108 
411 291 560 493 
609 264 252 256 
224 217 318 218 
548 291 628 560 
338 88 442 18 
414 448 415 326 
343 517 524 604 
103 445 87 86 
454 444 441 649 
356 595 596 580 
319 642 645 472 
378 243 421 420 
594 595 356 580 
63 272 395 479 
410 491 492 349 
406 590 584 587 
408 213 193 582 
590 406 415 326 
362 422 430 429 
166 173 554 86 
45 56 122 368 
466 460 461 453 
344 503 502 504 
647 571 671 675 
240 342 340 420 
561 550 317 376 
460 107 452 419 
86 554 417 445 
209 579 73 196 
195 209 387 72 
279 493 280 391 
240 342 420 243 
565 275 549 293 
554 412 413 396 
227 224 593 225 
643 658 657 651 
647 662 648 535 
541 535 323 533 
323 511 672 675 
503 365 367 502 
542 395 505 410 
314 505 395 394 
585 230 593 225 
481 136 480 117 
62 26 240 340 
63 272 64 395 
308 413 556 633 
379 92 464 381 
483 301 628 629 
272 393 64 395 
103 437 470 445 
609 332 423 596 
309 651 657 469 
26 340 20 90 
465 315 461 654 
90 168 336 341 
634 435 633 310 
201 402 403 358 
330 541 511 514 
584 327 587 588 
603 510 639 602 
309 433 432 645 
373 621 499 528 
52 206 191 477 
96 100 428 430 
292 547 291 548 
587 404 221 327 
180 558 176 157 
412 554 171 396 
405 404 203 587 
421 243 247 258 
421 243 258 420 
384 605 255 251 
465 654 461 462 
430 331 429 422 
550 567 562 189 
582 581 367 207 
654 665 653 664 
195 209 386 387 
503 206 192 365 
488 246 260 259 
395 505 314 542 
647 571 675 535 
318 595 640 593 
617 315 467 619 
423 332 609 380 
294 390 509 626 
298 627 483 639 
457 642 360 427 
440 439 441 452 
506 144 131 116 
206 503 192 211 
384 232 251 255 
320 670 666 346 
521 506 388 509 
577 232 251 384 
265 263 262 620 
44 43 160 407 
572 573 671 646 
147 516 518 141 
307 566 556 633 
409 351 479 119 
351 40 156 39 
165 378 61 164 
609 253 612 423 
611 263 261 621 
210 429 212 196 
51 116 477 364 
590 589 624 584 
399 398 397 415 
612 577 252 610 
241 355 375 353 
41 348 42 120 
499 621 373 500 
221 228 226 601 
150 139 145 531 
611 263 621 620 
221 202 404 203 
59 553 163 60 
641 585 520 599 
599 585 520 504 
498 372 525 142 
293 632 630 299 
453 418 339 312 
632 287 299 293 
665 662 320 666 
122 522 130 141 
383 213 194 408 
524 369 523 368 
312 421 376 317 
194 408 193 368 
386 220 594 580 
122 371 123 46 
411 272 394 291 
526 529 525 533 
583 585 344 520 
592 600 669 520 
279 297 280 493 
34 276 389 33 
583 517 582 343 
436 635 435 289 
583 517 343 520 
553 59 374 248 
239 381 24 238 
65 393 64 273 
498 516 518 604 
239 257 606 238 
80 197 27 414 
80 9 27 8 
543 188 186 559 
294 390 296 277 
138 118 119 410 
486 372 525 489 
320 616 666 670 
28 197 94 27 
649 307 566 556 
393 272 64 273 
143 372 124 142 
479 169 351 395 
366 508 504 591 
508 366 504 502 
344 585 504 520 
124 498 370 123 
497 673 325 562 
301 305 302 629 
359 99 94 449 
274 175 66 170 
37 279 280 391 
564 674 563 568 
320 658 659 657 
635 435 633 634 
516 147 130 141 
369 231 383 523 
561 312 663 454 
625 294 281 509 
316 564 528 623 
195 208 385 386 
459 462 461 659 
422 429 423 580 
543 572 675 559 
675 485 512 672 
549 632 630 293 
598 586 597 593 
512 511 672 349 
511 323 672 349 
270 401 284 295 
93 26 240 25 
254 265 262 623 
456 319 472 642 
334 526 666 533 
666 618 334 670 
338 18 442 167 
248 242 259 552 
263 261 621 605 
387 209 386 580 
496 486 525 489 
586 598 640 593 
635 300 299 295 
632 635 299 295 
424 460 464 104 
140 491 513 480 
575 594 214 225 
497 673 495 325 
465 654 425 608 
257 265 619 264 
671 572 675 543 
392 482 278 296 
647 662 541 322 
632 635 295 438 
202 221 402 219 
456 422 664 660 
289 635 435 295 
103 106 87 470 
401 270 435 295 
466 315 467 569 
625 584 403 281 
408 583 582 343 
438 401 435 295 
625 294 509 626 
176 177 325 570 
365 128 127 53 
524 408 581 582 
411 409 280 391 
314 572 559 675 
409 37 38 280 
585 583 575 520 
547 274 292 273 
414 416 269 415 
333 620 618 615 
133 351 350 410 
586 230 593 599 
518 537 519 346 
412 271 285 68 
540 537 519 536 
625 509 281 403 
431 96 362 430 
518 334 517 346 
450 216 586 587 
243 240 258 420 
613 467 608 619 
598 588 650 450 
96 429 31 32 
234 209 387 579 
429 331 212 580 
334 518 519 346 
590 448 650 450 
375 490 563 552 
316 667 668 648 
158 177 159 325 
589 328 588 650 
316 617 467 614 
487 125 49 135 
187 184 444 557 
655 476 659 475 
9 94 416 414 
433 437 401 435 
221 601 587 327 
96 363 362 429 
447 309 650 645 
450 448 650 645 
518 517 537 346 
583 343 575 520 
650 588 598 306 
254 613 421 258 
208 232 385 383 
431 422 362 332 
95 199 361 357 
96 429 430 428 
196 235 579 73 
369 70 383 231 
522 368 130 581 
373 527 528 499 
18 442 167 17 
202 281 76 403 
480 136 507 148 
635 438 435 295 
253 380 237 236 
598 586 640 306 
144 365 506 507 
662 668 666 667 
532 529 533 525 
510 358 508 509 
665 653 661 667 
490 611 373 528 
655 476 461 659 
234 209 579 73 
598 319 650 306 
382 239 381 24 
440 439 470 556 
286 298 626 584 
643 309 650 636 
556 557 554 308 
365 52 126 477 
567 571 562 570 
670 641 520 669 
590 624 650 447 
609 253 380 256 
377 164 376 163 
96 363 429 32 
467 315 653 569 
103 400 445 85 
206 52 365 477 
438 287 284 295 
89 418 108 90 
448 590 650 447 
561 190 444 573 
627 304 300 436 
347 508 510 592 
324 567 568 561 
409 351 119 410 
301 305 483 303 
562 571 567 568 
529 498 525 142 
45 69 56 368 
70 194 383 208 
371 122 522 368 
629 676 638 636 
228 230 226 599 
481 136 388 480 
494 158 348 42 
603 510 602 592 
448 447 650 645 
540 323 514 513 
313 308 557 566 
149 142 152 525 
516 582 524 581 
245 124 372 370 
369 194 69 368 
194 213 383 208 
250 372 373 245 
308 313 565 566 
644 643 328 636 
569 655 653 663 
381 239 606 238 
393 546 273 65 
378 377 247 60 
329 643 644 636 
512 511 560 675 
668 622 666 620 
172 341 183 339 
340 168 165 20 
175 308 171 185 
65 546 170 174 
647 322 646 648 
639 347 644 638 
409 272 411 280 
603 510 592 347 
603 510 347 639 
372 498 525 499 
330 511 560 492 
231 369 244 523 
338 442 339 167 
676 329 644 636 
362 422 423 332 
283 399 289 288 
587 226 216 586 
294 390 626 296 
598 660 319 306 
123 522 141 498 
386 577 576 385 
442 443 339 167 
365 144 127 146 
100 96 110 430 
84 437 401 102 
441 442 419 439 
508 366 477 358 
642 450 449 427 
426 257 608 619 
366 206 219 211 
419 442 441 339 
654 596 332 609 
198 216 427 359 
286 294 626 303 
291 493 628 560 
637 307 651 633 
377 254 421 247 
143 486 496 137 
457 595 422 660 
505 542 410 350 
341 312 418 420 
553 162 163 551 
296 303 483 626 
372 250 125 48 
479 351 39 119 
615 619 617 620 
643 309 636 651 
46 370 249 371 
408 583 343 383 
526 527 525 499 
498 516 604 522 
558 542 505 350 
239 382 25 24 
371 249 523 604 
117 132 392 36 
505 350 349 512 
447 399 397 415 
445 555 556 87 
391 138 491 410 
433 102 83 401 
512 558 505 350 
28 359 94 197 
301 296 483 628 
270 83 12 401 
270 401 435 434 
314 512 560 675 
506 389 388 509 
405 222 587 203 
520 504 502 592 
454 312 663 569 
357 361 360 427 
474 319 645 472 
589 328 636 639 
434 289 283 399 
113 111 112 472 
544 565 572 545 
180 544 174 186 
493 297 280 291 
443 179 444 311 
429 96 31 428 
344 223 504 585 
292 630 548 302 
455 456 472 360 
163 550 376 551 
673 534 489 495 
546 393 273 394 
565 637 548 630 
56 69 45 3 
432 113 473 472 
245 124 370 47 
345 586 600 640 
489 490 373 528 
415 414 268 269 
406 205 204 79 
498 372 124 370 
416 448 397 415 
515 638 330 538 
489 335 674 564 
372 527 525 489 
88 442 17 87 
618 616 575 670 
515 538 480 347 
287 271 285 413 
246 50 353 49 
374 553 552 551 
625 510 626 509 
338 18 172 336 
599 591 602 601 
140 480 513 148 
575 616 618 356 
548 292 302 291 
638 676 330 644 
433 447 446 645 
466 312 418 453 
651 307 469 310 
298 290 627 584 
109 424 112 431 
287 632 295 438 
249 604 371 370 
616 618 356 615 
605 622 604 621 
422 423 332 596 
99 111 105 449 
430 331 422 457 
92 379 464 424 
402 404 221 202 
88 338 442 419 
417 166 86 15 
86 555 87 173 
620 622 666 618 
617 467 614 619 
434 289 270 283 
236 91 362 22 
604 249 500 370 
627 436 631 636 
565 175 308 396 
308 175 565 313 
613 257 619 608 
68 14 15 417 
393 169 64 395 
222 205 406 326 
265 613 619 614 
481 136 117 131 
598 450 586 588 
483 298 639 626 
640 641 593 575 
268 205 80 414 
432 474 473 469 
416 94 9 81 
529 526 525 499 
28 359 197 198 
465 315 654 608 
591 592 504 602 
423 612 596 580 
588 601 586 602 
606 257 608 425 
550 561 317 568 
239 607 606 257 
592 600 602 669 
606 381 425 464 
74 363 32 196 
212 224 331 218 
342 165 378 61 
235 253 423 234 
433 397 434 82 
307 656 646 651 
549 287 285 413 
100 30 361 95 
476 440 451 475 
19 172 336 168 
434 289 435 270 
308 184 171 185 
285 412 396 413 
422 362 423 429 
437 84 401 400 
652 637 651 633 
344 223 585 215 
355 58 57 241 
572 314 544 545 
89 107 108 419 
655 476 453 461 
324 561 454 573 
103 400 85 84 
605 618 620 578 
107 104 451 115 
344 223 215 503 
265 614 619 623 
228 223 504 211 
406 268 415 414 
104 458 451 115 
606 465 425 608 
447 433 446 397 
386 208 383 214 
86 555 173 554 
509 390 388 521 
641 585 593 575 
518 151 141 152 
478 509 477 358 
366 503 211 504 
351 133 119 410 
154 491 349 513 
390 389 509 388 
227 318 597 593 
175 565 313 170 
494 348 134 42 
647 571 535 648 
497 160 337 178 
488 246 259 375 
261 604 249 500 
638 627 636 639 
605 263 620 621 
373 490 489 488 
501 151 519 536 
563 673 562 674 
308 549 565 396 
123 522 498 371 
532 149 152 525 
159 407 494 497 
555 167 443 442 
349 350 505 410 
501 153 536 507 
487 488 373 489 
480 536 507 538 
287 632 549 293 
547 546 273 394 
326 197 359 216 
393 272 394 395 
511 492 513 349 
534 674 535 673 
395 411 505 410 
631 652 633 630 
133 349 139 138 
510 508 591 592 
480 507 347 538 
490 488 259 375 
369 70 69 194 
334 529 604 499 
482 481 480 392 
583 213 215 229 
486 487 489 353 
500 372 373 499 
466 465 606 608 
613 254 421 614 
382 239 606 381 
334 622 604 605 
406 205 222 204 
406 414 415 326 
450 598 586 597 
577 384 578 576 
313 186 170 544 
579 212 209 580 
460 476 452 451 
480 536 148 507 
576 384 578 618 
275 565 549 396 
545 314 394 560 
482 390 626 521 
274 175 170 565 
173 184 554 555 
439 88 442 419 
417 400 413 271 
494 497 407 495 
436 309 636 624 
554 308 171 396 
11 83 434 82 
312 466 467 569 
162 553 374 551 
618 384 578 605 
384 343 524 604 
312 317 663 467 
329 676 330 560 
555 442 556 87 
265 264 263 620 
337 375 353 495 
114 113 115 473 
554 184 171 308 
264 619 610 620 
160 161 337 178 
441 443 556 444 
312 339 561 183 
316 317 552 614 
552 254 623 614 
506 365 508 507 
114 440 106 470 
30 100 361 200 
485 158 348 325 
530 323 535 533 
489 486 353 495 
672 673 535 571 
673 352 495 325 
465 466 461 315 
279 392 493 391 
636 329 651 652 
359 216 450 326 
584 626 510 639 
174 546 170 544 
384 576 385 383 
320 616 640 660 
184 555 557 554 
312 317 467 421 
563 374 552 551 
199 217 427 198 
575 594 225 593 
230 585 593 599 
478 509 358 403 
547 545 544 394 
358 402 591 219 
478 201 403 358 
384 231 255 523 
186 543 559 544 
180 544 186 559 
592 600 504 602 
607 466 420 463 
490 375 259 552 
463 466 420 418 
378 243 247 421 
448 590 447 415 
545 547 544 565 
623 316 614 617 
598 457 427 642 
529 498 604 499 
330 676 628 560 
496 145 137 495 
531 323 539 513 
37 279 132 36 
323 647 511 675 
270 289 435 295 
565 293 630 292 
136 153 507 148 
352 531 145 484 
647 671 572 675 
570 672 675 571 
468 432 473 469 
518 501 502 367 
545 314 544 394 
72 387 385 233 
366 206 211 503 
110 431 455 430 
210 428 31 200 
524 408 343 383 
590 624 447 415 
558 485 559 176 
340 93 240 420 
413 445 554 556 
668 622 620 528 
349 133 350 410 
571 674 568 562 
375 246 259 248 
637 545 548 560 
649 566 646 573 
627 305 300 304 
270 83 434 11 
397 398 434 82 
377 254 247 242 
572 565 544 313 
462 664 461 659 
261 249 245 500 
195 72 385 71 
490 564 623 528 
443 311 441 339 
384 577 385 576 
591 366 211 504 
386 577 385 387 
32 74 21 363 
567 570 562 189 
91 363 32 21 
553 377 376 163 
552 623 564 316 
271 412 285 413 
417 85 14 15 
612 579 423 234 
202 281 77 76 
429 363 423 579 
453 419 441 339 
467 613 614 619 
381 92 97 24 
409 118 410 119 
362 363 423 429 
647 541 511 572 
430 331 457 218 
410 391 411 492 
351 542 156 350 
242 553 377 552 
498 529 525 499 
342 165 62 340 
372 125 487 486 
324 663 648 574 
474 309 657 469 
564 490 623 552 
355 57 160 354 
376 421 312 378 
665 617 333 615 
623 490 259 552 
361 457 427 218 
218 361 430 428 
576 386 385 383 
208 213 383 214 
220 224 594 331 
468 310 437 435 
563 374 551 337 
557 308 556 566 
563 374 337 375 
22 362 98 91 
239 382 240 25 
341 312 339 418 
328 588 650 306 
417 412 413 554 
87 556 470 439 
442 439 441 556 
557 649 556 444 
195 208 71 385 
161 355 337 374 
667 665 617 666 
398 269 416 415 
271 438 400 413 
57 50 44 354 
378 164 376 377 
635 631 633 630 
372 527 373 499 
570 485 176 559 
117 481 131 35 
541 330 511 572 
529 334 526 499 
136 480 507 388 
570 485 559 675 
536 153 148 507 
72 233 385 71 
457 456 319 660 
516 522 130 581 
228 402 219 591 
213 582 215 207 
550 182 376 561 
510 509 508 521 
408 524 581 368 
531 323 672 530 
616 665 666 333 
393 169 395 314 
541 329 644 330 
620 617 333 666 
497 177 178 562 
485 512 672 350 
551 550 317 568 
617 665 333 666 
590 406 326 587 
320 346 644 669 
169 542 180 156 
409 351 410 395 
205 216 326 222 
485 158 176 157 
424 379 425 332 
402 404 202 403 
39 38 63 479 
180 558 157 156 
393 546 544 394 
362 380 332 423 
549 275 396 285 
169 542 156 351 
519 334 346 533 
343 670 575 520 
625 294 286 281 
585 223 504 599 
627 298 584 639 
510 402 403 327 
323 511 514 513 
281 584 403 404 
143 372 142 525 
268 205 414 406 
402 201 219 358 
510 402 358 403 
454 321 453 655 
52 206 365 53 
143 142 149 525 
223 585 215 229 
594 595 575 356 
213 408 193 194 
100 110 360 430 
372 143 486 525 
486 143 496 525 
386 387 580 356 
361 100 428 200 
534 674 673 489 
253 609 252 256 
485 512 350 558 
671 647 572 646 
572 573 646 566 
254 613 258 257 
476 452 321 453 
352 134 145 495 
193 55 581 207 
662 668 648 535 
501 518 537 519 
501 537 536 519 
323 541 533 540 
654 596 609 615 
422 456 431 430 
620 316 623 617 
609 615 596 610 
655 476 321 453 
22 23 98 379 
362 424 332 379 
644 346 320 541 
268 205 406 79 
532 149 525 530 
297 392 278 296 
107 440 451 452 
594 318 593 595 
288 406 415 624 
518 529 519 152 
533 532 530 539 
391 138 410 118 
459 458 451 461 
511 323 349 513 
466 461 569 453 
128 129 54 367 
424 460 461 464 
478 191 201 358 
365 128 367 146 
191 478 364 477 
191 206 358 477 
583 383 214 575 
651 634 633 310 
627 305 631 300 
627 436 300 631 
272 411 394 395 
409 37 280 391 
138 491 410 349 
154 539 148 513 
440 114 468 470 
419 336 339 418 
435 635 633 438 
424 465 461 462 
555 167 442 173 
550 190 561 567 
166 417 554 412 
312 466 418 420 
531 154 349 513 
480 536 538 513 
550 551 562 568 
571 570 325 562 
449 645 642 472 
154 491 513 140 
644 347 639 603 
365 366 508 502 
555 557 556 444 
324 574 646 454 
131 481 388 277 
490 488 373 260 
662 533 346 666 
491 493 492 515 
642 645 449 450 
562 673 563 337 
355 160 337 407 
580 595 422 331 
612 356 610 596 
362 380 423 236 
616 618 615 333 
320 643 306 669 
305 298 304 627 
140 136 117 480 
158 41 348 42 
672 673 571 325 
490 564 563 552 
375 248 259 552 
355 374 375 337 
114 106 102 470 
491 493 515 392 
129 581 207 367 
524 522 523 604 
384 231 523 383 
676 329 330 644 
450 642 650 598 
407 121 495 353 
255 384 604 605 
355 374 248 375 
155 153 148 536 
377 254 242 552 
563 374 375 552 
490 488 260 259 
616 665 333 615 
411 493 560 492 
524 384 604 523 
548 301 628 291 
516 517 518 604 
489 564 528 335 
514 515 513 492 
588 589 584 639 
564 668 528 335 
592 510 602 591 
626 482 347 638 
627 305 629 631 
172 341 339 336 
379 381 425 238 
570 177 562 189 
517 537 346 520 
641 585 575 520 
501 365 502 367 
343 618 670 334 
512 511 492 560 
625 294 626 286 
165 342 378 341 
222 406 587 326 
11 283 434 270 
640 320 660 306 
365 501 507 146 
89 338 419 336 
665 667 617 653 
146 144 153 507 
521 506 509 508 
340 168 20 90 
599 591 504 602 
360 111 95 99 
440 471 469 321 
616 320 659 660 
616 664 660 659 
202 281 404 77 
199 30 29 95 
128 54 192 367 
569 461 466 315 
475 656 469 657 
668 526 528 335 
526 528 489 527 
360 642 456 472 
453 312 454 569 
102 84 83 401 
316 564 552 568 
265 613 614 254 
424 460 451 461 
524 522 581 368 
88 439 442 87 
183 179 561 182 
173 87 16 17 
310 471 437 633 
617 315 654 653 
555 173 442 87 
334 618 666 622 
456 459 458 472 
318 598 427 597 
398 81 397 416 
490 375 563 489 
566 637 307 646 
456 431 455 458 
431 456 462 458 
476 440 475 321 
432 645 446 472 
564 316 528 668 
319 456 659 660 
113 458 472 112 
445 103 87 470 
662 320 541 658 
455 456 458 472 
661 656 659 658 
574 324 646 648 
323 530 535 672 
463 460 418 108 
664 653 461 659 
665 320 661 659 
382 607 606 239 
655 656 646 307 
457 598 319 642 
496 534 525 530 
490 623 611 528 
157 40 156 350 
455 112 472 458 
494 158 42 159 
177 497 325 562 
44 121 43 407 
564 490 489 528 
586 600 669 602 
355 161 58 374 
149 496 530 145 
139 484 120 145 
497 337 407 495 
524 369 368 408 
113 111 472 446 
129 516 581 367 
500 372 499 370 
311 179 561 339 
419 453 441 452 
648 316 663 568 
557 649 444 573 
439 419 441 452 
334 670 520 346 
669 640 670 641 
155 536 148 539 
622 618 620 605 
527 526 525 489 
674 335 489 534 
411 391 410 409 
671 570 543 675 
598 318 640 593 
515 493 492 560 
154 139 349 138 
647 323 511 541 
151 501 153 536 
179 190 444 561 
548 547 291 394 
454 321 655 649 
296 628 297 392 
342 165 340 341 
484 139 349 531 
457 595 331 422 
430 331 218 429 
550 190 567 189 
377 553 376 552 
608 315 467 466 
162 337 551 374 
365 144 146 507 
595 457 331 318 
618 666 616 670 
65 546 273 274 
622 621 620 528 
348 133 350 484 
209 220 386 580 
640 595 318 660 
254 421 247 258 
163 550 551 181 
558 180 559 314 
424 465 425 464 
648 316 568 564 
320 662 661 658 
662 541 322 658 
348 352 672 325 
190 187 444 573 
521 506 508 507 
465 606 425 464 
612 609 596 610 
465 424 425 332 
318 457 331 218 
331 218 429 212 
521 506 507 388 
456 457 319 642 
365 501 502 507 
282 78 79 204 
463 420 93 418 
202 402 403 201 
341 342 420 340 
641 345 640 593 
661 653 665 659 
29 99 357 95 
428 361 200 218 
652 329 676 636 
328 643 650 636 
107 460 451 104 
334 533 666 346 
447 309 435 624 
343 618 334 384 
503 366 365 502 
215 582 344 207 
196 235 73 74 
96 363 32 91 
617 620 333 615 
96 362 91 98 
129 54 367 207 
574 324 663 454 
654 596 615 664 
317 316 467 614 
466 607 420 467 
70 232 383 231 
516 582 517 524 
22 362 379 98 
526 668 666 533 
421 613 614 467 
209 195 386 220 
482 480 521 347 
216 227 597 586 
509 478 281 403 
590 450 588 587 
404 584 403 327 
340 93 420 418 
93 420 463 382 
270 83 11 12 
314 393 174 544 
103 106 470 102 
657 459 475 659 
406 282 79 204 
573 567 671 324 
627 436 636 624 
638 515 330 628 
337 497 562 673 
207 54 367 192 
305 627 629 483 
565 292 630 548 
393 272 273 394 
672 673 325 352 
592 347 669 603 
365 128 192 367 
541 329 658 644 
351 40 39 119 
638 627 639 483 
133 138 119 410 
436 309 634 636 
391 138 118 132 
615 426 609 654 
118 409 410 391 
476 459 451 461 
460 476 451 461 
252 264 610 251 
668 662 533 535 
352 494 134 495 
366 503 504 502 
121 494 495 134 
646 566 649 307 
324 671 646 648 
661 646 648 574 
271 13 400 284 
129 147 367 128 
652 637 633 630 
296 301 483 303 
433 397 82 101 
83 433 434 82 
541 538 514 330 
538 330 644 638 
26 93 240 340 
362 22 379 236 
320 665 666 616 
411 505 560 394 
478 509 281 266 
297 628 296 301 
478 76 281 403 
329 572 637 560 
161 162 58 374 
522 516 130 141 
627 589 636 639 
621 622 604 499 
524 369 408 383 
529 334 604 518 
122 45 371 46 
298 305 483 627 
498 370 604 499 
384 343 604 334 
482 480 388 521 
175 67 171 396 
523 249 371 244 
83 433 82 101 
534 530 495 673 
244 231 523 255 
654 315 619 608 
572 543 313 544 
456 664 659 660 
360 642 449 427 
28 359 198 99 
431 96 430 110 
384 231 383 232 
113 114 101 432 
111 113 105 446 
362 96 109 98 
84 284 401 400 
111 360 472 449 
359 99 449 357 
440 439 106 470 
257 606 238 425 
397 446 105 101 
84 284 400 13 
631 652 629 636 
58 355 374 248 
532 529 525 152 
471 307 556 633 
244 249 255 523 
150 531 530 539 
515 330 628 560 
117 132 491 392 
34 131 277 35 
375 673 489 495 
143 125 124 372 
334 622 526 499 
620 316 528 623 
375 489 353 495 
245 261 500 373 
347 482 626 521 
515 493 560 628 
487 135 353 486 
532 150 530 539 
515 482 480 392 
287 271 438 284 
313 186 185 170 
676 329 637 560 
330 515 514 492 
249 604 255 523 
307 471 310 633 
413 445 556 437 
654 665 617 653 
485 512 558 559 
114 102 468 470 
648 316 564 668 
186 174 170 544 
409 272 395 411 
159 407 497 160 
530 352 495 673 
102 437 468 470 
309 310 435 634 
417 554 86 166 
649 441 556 444 
632 287 413 438 
228 402 591 601 
531 323 530 539 
471 468 440 469 
205 414 197 80 
323 540 533 539 
406 282 204 405 
533 525 534 530 
657 320 306 659 
41 40 157 350 
534 525 533 526 
579 212 580 429 
263 605 578 251 
136 144 507 153 
490 260 373 611 
234 209 73 72 
386 577 387 356 
538 541 346 644 
612 609 423 596 
467 315 608 619 
456 459 462 458 
45 371 244 368 
437 103 470 102 
48 372 124 125 
47 124 370 123 
408 369 194 383 
240 607 258 420 
421 607 613 467 
421 607 467 420 
445 437 413 400 
145 134 137 495 
155 536 539 519 
532 155 539 519 
154 155 539 150 
261 500 373 621 
237 380 379 236 
234 387 72 233 
257 426 608 425 
612 577 610 356 
615 619 620 610 
611 261 373 621 
155 532 539 150 
339 454 441 453 
454 561 444 573 
446 113 105 101 
402 404 403 327 
386 594 575 356 
587 226 601 221 
282 78 204 405 
500 621 604 499 
438 632 633 413 
330 329 572 541 
652 637 630 548 
169 542 395 314 
652 676 637 548 
149 496 525 530 
132 279 392 36 
510 508 347 521 
187 313 186 185 
445 555 554 556 
631 652 630 548 
561 339 312 454 
179 311 561 444 
623 254 552 259 
172 341 336 168 
190 179 182 561 
647 662 322 648 
589 627 636 624 
198 99 357 29 
268 406 415 288 
590 448 450 326 
232 577 233 385 
652 631 629 548 
468 310 435 469 
180 544 559 314 
132 491 392 391 
551 552 317 376 
460 418 466 463 
355 161 337 160 
534 496 525 489 
496 486 489 495 
465 424 461 464 
336 341 339 418 
674 564 563 489 
51 75 33 364 
276 364 509 389 
519 540 536 539 
409 351 395 479 
323 531 349 513 
337 497 178 562 
21 74 32 4 
494 158 159 325 
23 22 237 379 
111 110 112 455 
276 364 389 33 
548 301 291 302 
245 124 47 48 
372 250 487 125 
466 312 467 420 
534 496 489 495 
256 609 426 425 
437 445 556 470 
460 107 108 104 
673 571 325 562 
459 462 458 461 
25 382 93 97 
267 286 281 584 
334 343 520 670 
352 494 495 325 
276 364 33 266 
674 571 673 562 
564 563 552 568 
44 354 407 160 
534 496 495 530 
324 561 663 454 
201 478 76 75 
564 490 563 489 
661 667 653 663 
81 398 10 416 
416 448 414 94 
655 574 663 454 
45 122 371 368 
341 340 420 418 
398 416 397 415 
328 589 588 639 
372 487 373 489 
195 208 386 214 
524 517 343 582 
576 343 575 383 
595 616 660 640 
460 476 461 453 
195 387 385 72 
616 665 615 664 
210 429 32 31 
408 583 383 213 
218 210 428 429 
159 407 160 43 
418 90 93 108 
455 431 112 458 
508 592 504 591 
573 324 646 454 
314 572 544 559 
440 107 114 106 
166 173 86 16 
340 168 90 341 
93 382 240 420 
443 179 311 339 
110 109 112 431 
199 29 357 95 
217 216 597 427 
290 406 288 624 
436 289 435 624 
94 448 397 416 
448 359 450 326 
289 399 435 624 
399 289 288 624 
471 307 321 556 
422 595 664 660 
600 599 520 504 
460 107 451 452 
408 524 343 582 
549 308 633 413 
456 459 659 462 
592 600 520 504 
422 462 431 456 
422 462 456 664 
95 361 360 357 
598 457 319 660 
624 589 650 636 
111 455 112 472 
656 307 321 469 
109 379 92 424 
456 642 360 457 
34 389 277 131 
425 380 332 379 
576 343 383 384 
257 238 256 425 
422 423 596 580 
257 256 426 425 
46 370 371 123 
135 121 353 137 
265 614 623 254 
424 465 462 332 
488 250 260 246 
405 78 203 267 
290 405 406 584 
290 298 627 304 
144 365 126 506 
501 151 153 146 
352 531 530 145 
128 146 365 127 
517 582 367 344 
144 136 507 388 
424 431 332 462 
594 318 595 331 
465 654 462 332 
478 75 191 364 
228 219 211 591 
290 304 627 624 
576 343 384 618 
616 666 618 333 
455 111 360 472 
46 370 123 47 
128 147 367 146 
649 655 307 321 
405 406 584 587 
581 56 193 368 
373 527 489 528 
661 656 658 646 
143 135 486 137 
655 656 307 321 
368 408 193 581 
501 537 507 536 
655 569 653 461 
222 216 326 587 
343 334 517 604 
655 656 321 475 
527 372 525 499 
510 347 626 521 
140 132 491 117 
347 508 507 521 
348 485 350 157 
433 435 469 468 
566 308 556 633 
154 491 140 138 
511 514 513 492 
539 536 148 513 
468 310 469 471 
637 307 633 566 
632 635 633 630 
275 67 396 285 
274 275 565 293 
412 166 171 554 
308 175 171 396 
173 166 554 171 
417 400 271 85 
588 601 602 327 
572 543 544 559 
417 400 85 445 
66 67 175 275 
160 497 337 407 
121 354 353 407 
405 406 587 222 
43 494 134 42 
250 246 487 49 
59 162 374 58 
216 226 587 222 
572 637 560 545 
308 413 554 556 
542 169 180 314 
70 369 383 194 
576 343 618 575 
471 468 437 470 
435 401 438 437 
665 662 666 667 
516 582 581 367 
644 639 636 328 
222 221 587 203 
344 582 367 207 
223 503 504 211 
228 402 601 221 
307 471 321 469 
664 616 660 595 
466 418 460 453 
586 600 602 599 
589 328 650 636 
265 619 264 620 
429 579 423 580 
607 466 606 608 
612 387 234 252 
23 379 237 238 
609 264 256 426 
381 379 425 464 
381 606 425 238 
404 405 584 587 
584 327 404 587 
540 537 536 538 
665 662 667 661 
221 226 222 587 
386 576 575 383 
343 583 575 383 
592 508 504 502 
653 655 461 659 
654 426 425 608 
208 232 383 70 
526 622 528 499 
527 526 528 499 
498 372 370 499 
622 605 620 621 
264 263 578 251 
264 609 610 426 
382 607 240 420 
654 665 664 615 
652 631 633 634 
150 149 530 145 
673 375 337 495 
548 301 302 629 
140 154 148 513 
632 549 633 413 
443 442 441 556 
352 145 530 495 
476 655 321 475 
309 436 634 435 
661 322 646 658 
450 642 598 427 
590 406 584 624 
361 100 360 430 
199 198 357 29 
96 100 31 428 
199 30 361 200 
287 632 299 295 
352 494 325 348 
676 637 548 560 
323 541 540 514 
541 535 533 662 
466 460 463 464 
100 110 95 360 
362 380 236 379 
466 312 453 569 
221 404 587 203 
311 561 444 454 
574 655 663 661 
661 662 322 658 
474 475 469 657 
389 506 477 509 
109 379 424 362 
590 589 584 588 
137 486 495 353 
121 494 134 43 
143 125 372 486 
375 563 673 337 
389 509 477 364 
509 506 477 508 
488 250 246 487 
354 355 57 241 
44 121 407 354 
399 447 435 624 
478 509 266 364 
506 365 126 477 
276 390 509 294 
439 88 106 87 
416 448 415 414 
484 352 120 145 
654 596 664 332 
15 166 86 16 
615 616 596 356 
664 616 596 615 
616 595 596 356 
616 664 596 595 
479 63 39 169 
119 38 409 118 
41 133 40 350 
389 506 131 116 
522 371 523 604 
478 266 75 364 
371 522 498 604 
165 342 62 61 
604 384 255 523 
576 386 575 356 
342 341 420 378 
278 481 35 277 
654 665 615 617 
419 338 442 339 
579 387 234 612 
234 209 72 387 
433 447 435 434 
103 400 84 437 
437 433 401 102 
106 439 87 470 
406 290 584 624 
552 623 316 614 
455 456 360 430 
618 615 610 356 
151 155 152 519 
374 375 552 248 
654 664 461 462 
553 374 552 248 
52 191 51 477 
133 349 350 484 
511 512 672 675 
242 553 552 248 
52 365 126 127 
263 264 578 620 
389 506 116 477 
501 147 367 518 
370 500 604 499 
144 506 131 388 
263 605 620 578 
505 410 492 349 
121 494 43 407 
426 654 619 608 
558 485 176 157 
40 351 156 350 
191 75 478 201 
348 352 120 484 
563 375 673 489 
638 482 515 628 
638 676 628 330 
143 149 496 525 
532 529 152 519 
162 59 374 553 
533 335 534 526 
355 161 57 58 
551 162 163 181 
570 672 571 325 
355 58 241 248 
378 377 421 247 
165 183 341 378 
629 676 628 638 
453 321 441 452 
440 473 115 451 
142 529 152 525 
89 19 336 90 
191 51 364 75 
543 567 189 570 
440 475 473 451 
441 454 339 311 
172 338 339 167 
172 341 168 183 
246 488 353 375 
147 129 516 130 
668 622 528 526 
582 213 193 207 
572 330 511 560 
540 537 538 346 
581 56 368 130 
511 572 560 675 
433 102 101 83 
406 268 79 282 
448 590 415 326 
206 366 358 477 
634 631 436 636 
450 359 449 427 
215 344 192 207 
436 631 634 635 
218 457 427 318 
217 224 318 227 
33 75 51 7 
76 478 266 75 
427 216 198 217 
509 508 477 358 
641 345 600 640 
583 213 214 383 
235 234 423 579 
654 465 425 332 
619 257 264 426 
253 235 423 236 
612 356 596 580 
622 621 528 499 
505 411 492 410 
604 261 255 605 
254 623 262 259 
611 263 620 262 
261 604 255 249 
263 261 605 255 
244 69 369 231 
553 551 376 552 
241 355 248 375 
623 265 262 620 
246 241 248 375 
445 417 413 554 
45 368 244 69 
417 400 445 413 
412 67 171 68 
15 14 68 6 
598 640 660 306 
417 166 15 68 
601 402 591 602 
603 644 328 639 
436 304 289 624 
540 537 346 519 
267 77 404 281 
274 175 565 275 
433 309 469 435 
187 543 186 313 
169 63 64 395 
347 644 346 669 
329 330 572 560 
600 641 669 520 
537 538 346 347 
406 268 282 288 
347 510 626 639 
283 399 415 398 
80 268 414 269 
655 454 663 569 
638 483 639 626 
574 655 661 646 
653 617 467 663 
476 459 659 475 
460 419 453 418 
317 316 663 467 
329 643 658 644 
443 179 339 167 
522 524 523 368 
595 457 318 660 
391 138 132 491 
179 172 339 167 
491 140 138 132 
252 577 387 233 
162 337 374 161 
615 426 654 619 
387 195 385 386 
550 182 189 181 
648 646 661 322 
534 530 535 533 
169 542 351 395 
41 158 348 157 
542 351 410 350 
158 485 348 157 
219 366 211 591 
206 191 358 219 
365 503 367 192 
555 184 444 443 
223 228 504 599 
478 76 266 281 
312 467 663 569 
172 338 336 339 
56 368 194 193 
577 232 233 251 
577 232 384 385 
467 569 653 663 
176 177 570 189 
347 538 346 644 
190 188 543 189 
342 243 62 61 
384 524 343 383 
384 232 383 385 
318 598 597 593 
594 220 331 580 
595 422 664 596 
588 601 327 587 
526 534 489 335 
433 309 435 447 
308 313 557 185 
180 169 174 314 
450 590 326 587 
184 308 557 185 
188 543 186 187 
314 512 505 560 
627 304 436 624 
309 436 435 624 
78 282 267 405 
669 347 592 537 
298 286 626 303 
483 298 626 303 
414 448 326 359 
326 197 216 205 
399 288 415 624 
320 640 669 306 
283 399 288 415 
617 315 619 654 
668 564 535 335 
110 111 360 455 
401 433 434 83 
431 456 455 430 
674 571 535 673 
196 235 74 363 
406 205 414 326 
429 363 579 196 
535 673 672 530 
218 210 200 428 
516 582 367 517 
103 437 84 102 
401 438 284 295 
206 365 53 192 
546 547 273 274 
634 652 651 633 
670 334 666 346 
405 267 203 404 
657 643 650 306 
470 471 556 437 
647 323 535 675 
412 417 413 271 
468 310 471 437 
308 565 633 566 
290 627 584 624 
107 439 452 419 
647 571 648 671 
89 338 88 419 
107 88 439 419 
107 89 88 419 
382 381 606 464 
25 382 97 24 
609 256 380 425 
464 463 97 104 
607 382 606 464 
465 466 606 464 
382 607 463 464 
503 223 215 211 
308 554 413 396 
338 419 336 339 
309 433 469 432 
442 439 556 87 
271 287 438 413 
272 411 280 291 
84 284 13 12 
398 269 415 283 
652 676 329 637 
286 625 281 584 
266 33 75 364 
366 206 365 477 
33 389 116 364 
389 116 364 477 
125 143 135 486 
487 125 135 486 
355 354 160 407 
355 375 353 337 
532 150 149 530 
246 241 375 353 
318 224 218 331 
570 672 325 485 
671 570 675 571 
467 617 653 315 
551 563 562 568 
270 83 401 434 
508 365 502 507 
47 249 370 245 
496 486 495 137 
481 117 480 392 
317 316 568 663 
482 390 277 296 
541 323 511 514 
150 154 531 539 
316 617 663 467 
501 146 153 507 
481 117 392 278 
140 117 491 480 
481 482 278 392 
129 516 130 581 
154 531 539 513 
316 667 648 663 
529 498 141 518 
498 371 604 370 
643 320 644 669 
316 620 528 668 
147 129 367 516 
526 534 525 489 
123 522 371 122 
123 522 122 141 
489 528 526 335 
188 570 559 543 
121 134 495 137 
384 231 232 255 
188 570 543 189 
142 529 141 152 
591 508 510 358 
641 599 593 585 
541 538 346 540 
667 648 663 661 
346 670 520 669 
506 144 116 126 
319 474 459 472 
477 116 51 126 
560 291 411 394 
572 637 565 566 
188 180 559 176 
188 570 189 176 
63 479 395 169 
272 409 395 479 
86 555 554 445 
667 648 661 662 
655 661 653 663 
175 313 308 185 
67 412 396 285 
188 570 176 559 
662 661 322 648 
519 540 539 533 
187 557 444 573 
533 335 526 668 
537 508 507 347 
33 34 116 389 
454 321 649 441 
352 348 672 484 
164 183 378 376 
471 468 470 440 
567 190 543 189 
128 54 53 192 
583 517 520 344 
585 583 215 229 
304 290 288 624 
583 517 344 582 
162 551 178 181 
586 598 588 306 
638 676 644 636 
537 669 520 592 
343 618 575 670 
657 459 659 319 
320 643 657 306 
593 599 641 345 
585 223 599 230 
599 591 601 228 
43 494 42 159 
366 358 591 219 
657 459 319 474 
389 34 116 131 
595 594 331 580 
235 73 234 579 
541 535 647 323 
462 424 458 461 
550 190 182 561 
320 616 670 640 
670 640 669 320 
668 662 666 533 
620 668 617 666 
316 667 663 617 
250 372 487 373 
645 657 650 319 
555 167 173 184 
443 184 179 167 
458 424 451 461 
298 290 584 286 
290 286 267 584 
290 406 282 288 
515 493 628 392 
632 635 630 299 
319 456 459 659 
485 348 672 325 
216 450 586 597 
99 360 357 95 
476 459 461 659 
457 422 456 660 
641 640 670 575 
459 474 475 451 
183 312 378 376 
655 453 569 461 
464 92 104 97 
664 665 653 659 
474 459 458 451 
309 643 657 651 
440 471 321 556 
169 351 39 479 
89 418 90 336 
39 351 169 156 
84 284 12 401 
438 401 284 400 
307 651 633 310 
424 458 451 104 
435 433 434 401 
433 432 446 101 
100 30 31 200 
475 474 473 451 
354 355 353 407 
563 674 562 568 
661 656 646 655 
307 656 651 469 
649 655 646 307 
667 617 653 663 
515 491 480 513 
541 320 644 658 
644 330 538 541 
320 662 541 346 
349 484 672 350 
512 349 672 350 
194 56 69 368 
484 348 672 350 
348 485 672 350 
99 360 449 357 
357 360 449 427 
409 272 38 479 
63 272 479 38 
656 651 469 657 
424 109 112 104 
391 491 492 410 
145 496 530 495 
603 328 602 639 
531 150 530 145 
276 390 294 277 
529 518 141 152 
625 286 626 584 
488 375 489 353 
500 372 370 245 
517 367 516 518 
352 494 348 134 
59 58 374 248 
59 553 242 248 
135 121 50 353 
63 38 39 5 
601 402 602 327 
524 369 383 523 
402 510 602 327 
406 405 204 222 
268 205 79 80 
414 94 27 9 
326 197 205 414 
510 402 602 591 
197 414 94 27 
398 269 283 10 
120 352 134 145 
96 363 91 362 
363 74 21 235 
253 256 237 380 
355 337 353 407 
22 237 379 236 
541 535 662 647 
432 433 469 468 
460 419 418 108 
576 618 610 356 
618 576 610 578 
611 263 262 261 
114 102 101 468 
12 84 401 83 
446 448 397 449 
94 99 105 449 
397 433 446 101 
578 618 620 610 
446 448 449 645 
460 476 453 452 
372 498 124 142 
122 522 368 130 
515 491 513 492 
518 151 519 501 
623 611 620 262 
121 44 50 354 
621 611 620 528 
488 246 353 487 
48 250 125 49 
497 160 178 159 
241 246 50 353 
611 623 620 528 
487 488 489 353 
515 538 514 513 
117 491 480 392 
56 122 368 130 
378 164 60 61 
133 41 348 350 
411 395 505 394 
542 558 180 156 
542 558 156 350 
341 336 90 418 
498 516 522 141 
62 165 20 340 
254 242 552 259 
93 340 90 418 
340 341 90 418 
170 313 544 565 
486 135 353 137 
550 190 189 182 
178 551 562 181 
568 316 317 552 
164 183 376 182 
581 56 130 55 
656 658 646 651 
443 555 556 444 
321 307 649 556 
321 440 441 452 
208 232 70 71 
473 474 458 451 
402 510 358 591 
498 124 142 123 
402 202 219 201 
482 390 388 277 
11 398 10 82 
612 356 580 387 
428 100 31 200 
210 218 212 429 
586 345 600 599 
358 366 591 508 
398 81 10 82 
607 613 467 608 
450 590 588 650 
509 510 626 521 
476 440 321 452 
476 440 452 451 
424 431 462 458 
97 463 93 108 
253 609 612 252 
463 418 93 108 
387 234 252 233 
463 382 97 93 
655 453 454 569 
250 372 245 48 
446 111 472 449 
446 645 449 472 
264 257 256 426 
380 237 379 425 
107 114 115 440 
664 422 332 596 
579 212 429 196 
253 612 234 252 
92 424 104 109 
397 105 82 101 
638 627 483 629 
625 510 509 403 
289 304 288 624 
202 281 403 404 
638 347 626 639 
473 458 115 451 
390 509 626 521 
413 437 556 633 
515 330 560 492 
414 416 9 269 
397 81 82 105 
438 401 400 437 
187 190 543 573 
398 81 82 397 
187 313 557 573 
436 635 300 631 
107 460 108 419 
436 635 289 300 
304 436 289 300 
543 187 573 313 
509 478 477 364 
113 458 112 115 
382 381 97 24 
273 547 394 291 
635 632 633 438 
184 554 557 308 
308 549 633 565 
443 311 444 441 
571 671 567 324 
463 382 464 97 
574 655 646 454 
538 638 644 347 
550 567 568 562 
573 567 190 543 
573 567 543 671 
382 607 420 463 
670 320 669 346 
668 622 526 666 
640 616 670 575 
287 632 413 549 
585 583 229 575 
585 575 225 593 
383 386 214 575 
520 669 537 346 
344 503 367 502 
557 313 566 573 
517 537 520 502 
600 641 520 599 
537 592 520 502 
649 454 444 573 
501 518 502 537 
343 334 520 517 
317 421 614 467 
160 57 355 161 
354 241 50 353 
570 177 325 562 
250 125 49 487 
28 359 99 94 
52 365 127 53 
478 191 358 477 
405 204 222 203 
399 447 397 434 
162 337 161 178 
497 673 337 495 
447 399 435 434 
121 354 50 353 
552 551 317 568 
494 158 325 348 
271 417 14 68 
213 583 214 229 
386 208 385 383 
223 585 229 230 
229 583 214 575 
506 365 477 508 
496 149 137 145 
297 279 278 392 
283 399 398 434 
117 36 392 278 
36 279 392 278 
103 400 437 445 
143 149 137 496 
434 289 399 435 
271 85 400 13 
491 493 392 391 
398 399 397 434 
279 392 297 493 
371 45 244 46 
532 525 533 530 
249 371 244 46 
519 532 533 539 
447 433 397 434 
19 89 336 18 
635 631 630 299 
172 183 179 339 
607 239 240 258 
450 216 427 597 
36 117 35 278 
253 612 423 234 
314 393 544 394 
112 458 104 115 
609 380 332 425 
265 613 257 619 
23 381 379 238 
342 243 378 420 
433 309 447 645 
10 416 269 9 
397 81 105 94 
23 381 238 24 
637 566 633 565 
625 510 403 584 
327 510 602 639 
323 540 539 513 
88 18 17 442 
442 173 17 87 
80 414 9 269 
643 328 650 306 
309 474 645 432 
318 224 593 227 
328 588 602 639 
642 319 645 650 
448 359 449 450 
590 589 588 650 
309 310 634 651 
549 632 633 630 
419 460 453 452 
309 310 651 469 
114 113 473 432 
656 321 475 469 
433 437 468 102 
437 433 468 435 
321 440 475 469 
651 329 636 643 
405 78 204 203 
436 635 634 435 
598 450 427 597 
570 485 325 176 
348 120 134 42 
133 40 350 351 
349 133 139 484 
512 505 492 349 
139 154 531 150 
177 158 176 325 
133 40 351 119 
133 349 138 410 
511 512 492 349 
485 558 350 157 
279 37 132 391 
37 118 132 391 
132 279 391 392 
23 381 24 92 
538 540 514 513 
23 381 92 379 
227 216 226 586 
652 631 634 636 
347 507 480 521 
182 183 376 561 
438 271 400 284 
359 197 414 94 
675 485 559 512 
323 531 672 349 
647 572 511 675 
564 674 535 335 
90 168 20 19 
136 140 148 480 
570 672 485 675 
411 493 492 391 
359 216 427 450 
501 147 518 151 
501 147 151 146 
501 147 146 367 
216 450 326 587 
501 365 367 146 
515 482 392 628 
540 538 536 513 
201 478 403 76 
510 327 584 639 
443 555 442 556 
139 154 349 531 
540 536 539 513 
648 663 324 568 
674 564 535 568 
588 327 602 639 
530 534 535 673 
421 607 420 258 
90 168 19 336 
165 183 168 341 
551 553 376 163 
550 189 562 181 
89 338 336 18 
18 19 172 336 
378 377 376 421 
603 328 669 602 
564 668 535 648 
163 550 181 182 
177 497 178 159 
558 542 314 505 
320 643 644 658 
333 620 666 618 
546 547 544 394 
558 512 314 559 
180 558 559 176 
545 637 548 565 
542 351 395 410 
348 41 157 350 
450 642 645 650 
572 314 560 675 
565 549 630 293 
316 667 617 668 
347 603 644 669 
675 323 535 672 
551 337 178 562 
189 177 562 181 
494 497 325 159 
362 380 379 332 
363 423 236 362 
236 423 363 235 
579 612 423 580 
253 609 380 423 
661 655 653 659 
497 177 325 159 
585 229 225 575 
584 327 588 639 
664 456 659 462 
643 309 657 650 
102 433 101 468 
616 665 664 659 
409 411 395 410 
66 65 274 170 
30 199 361 95 
220 209 212 580 
309 624 650 636 
65 546 274 170 
579 209 387 580 
586 601 226 599 
111 446 105 449 
537 347 346 669 
264 578 610 251 
601 228 226 599 
634 652 636 651 
223 228 599 230 
360 111 99 449 
657 459 474 475 
609 654 425 332 
422 462 664 332 
424 362 332 431 
440 107 451 115 
661 574 648 663 
608 315 466 465 
265 613 254 257 
665 320 659 616 
260 261 245 373 
609 264 610 252 
612 577 356 387 
208 232 71 385 
432 114 101 468 
366 206 358 219 
506 116 477 126 
294 276 266 509 
276 364 266 509 
565 547 274 292 
482 390 296 626 
674 534 535 335 
576 618 356 575 
305 298 483 303 
329 637 572 646 
577 578 251 610 
457 598 318 660 
482 481 278 277 
365 128 53 192 
399 447 624 415 
572 647 541 646 
319 657 650 306 
645 657 319 474 
598 640 318 660 
329 651 646 658 
643 658 651 329 
670 641 575 520 
331 422 580 429 
652 637 329 651 
671 571 648 324 
649 573 646 454 
643 320 657 658 
658 656 657 651 
319 657 306 659 
446 397 105 449 
386 577 356 576 
564 648 535 568 
647 541 646 322 
646 651 329 637 
615 356 596 610 
421 607 258 613 
607 613 257 258 
540 541 533 346 
642 598 319 650 
491 493 391 492 
553 377 163 60 
627 631 629 636 
510 626 584 625 
505 411 560 492 
511 330 514 492 
11 283 10 398 
283 11 434 398 
59 553 60 242 
329 541 658 646 
311 561 454 339 
236 91 22 21 
236 91 21 363 
429 210 428 31 
517 344 367 502 
267 77 203 404 
78 77 203 267 
312 453 454 339 
329 572 541 646 
163 550 182 376 
139 484 145 531 
41 133 348 120 
582 193 581 207 
592 537 508 502 
583 213 582 215 
547 565 274 546 
393 314 395 394 
565 170 274 546 
645 657 474 309 
584 510 403 327 
509 294 281 266 
195 220 214 386 
183 341 378 312 
321 649 441 556 
538 537 507 347 
594 386 575 214 
109 379 362 98 
23 379 92 98 
109 379 98 92 
463 460 108 104 
363 235 423 579 
309 310 469 435 
422 462 332 431 
476 459 475 451 
110 431 112 455 
664 654 332 462 
220 386 594 214 
424 362 431 109 
498 529 604 518 
494 497 495 325 
538 515 480 513 
133 348 120 484 
139 133 120 484 
509 510 358 403 
594 595 593 575 
345 586 593 599 
51 33 116 364 
586 227 597 593 
443 184 444 179 
590 589 650 624 
142 498 123 141 
320 661 659 658 
236 91 363 362 
235 363 236 21 
182 164 163 376 
377 242 247 60 
390 482 388 521 
317 312 561 376 
61 378 247 60 
177 178 562 181 
481 482 388 277 
243 342 378 61 
131 389 277 388 
187 184 557 185 
624 309 650 447 
637 572 565 545 
169 393 64 174 
393 65 64 174 
243 378 247 61 
393 546 65 174 
169 393 174 314 
309 634 636 651 
658 656 659 657 
326 197 414 359 
359 198 216 197 
307 471 469 310 
359 448 449 94 
661 656 655 659 
656 475 659 657 
656 655 659 475 
328 588 669 602 
224 220 212 331 
637 565 633 630 
408 583 213 582 
595 616 640 575 
283 288 269 415 
288 268 269 415 
51 191 364 477 
228 402 221 219 
588 328 669 306 
588 586 669 602 
586 588 669 306 
586 227 230 226 
599 591 228 504 
603 592 602 669 
601 402 327 221 
50 135 353 49 
135 487 353 49 
44 354 160 57 
487 246 353 49 
640 586 669 306 
44 50 57 1 
354 241 57 50 
631 635 633 634 
676 652 629 548 
586 640 669 600 
618 615 620 610 
500 372 245 373 
405 267 404 584 
567 561 573 190 
615 426 619 610 
623 490 611 262 
260 490 259 262 
498 371 370 123 
407 337 353 495 
635 289 300 295 
293 565 274 292 
635 300 631 299 
547 545 548 565 
437 438 633 413 
392 482 296 628 
67 412 171 396 
416 81 397 94 
292 299 630 302 
287 549 285 293 
549 275 285 293 
290 405 584 267 
643 328 306 669 
482 278 296 277 
290 405 267 282 
491 515 480 392 
671 324 646 573 
437 471 556 633 
637 307 646 651 
290 405 282 406 
498 516 141 518 
572 637 566 646 
448 359 414 94 
322 541 646 658 
671 647 646 648 
524 517 516 604 
224 594 593 225 
427 457 598 318 
359 357 449 427 
446 448 447 397 
199 217 218 427 
217 218 427 318 
604 261 621 500 
292 293 630 299 
439 440 441 556 
515 538 330 514 
261 604 621 605 
482 638 483 628 
297 392 628 493 
474 309 469 432 
605 384 578 251 
475 440 473 469 
505 512 492 560 
576 577 610 578 
607 382 240 239 
382 93 240 25 
240 342 243 62 
312 421 467 420 
260 250 373 245 
26 340 90 93 
272 273 394 291 
558 157 156 350 
217 318 427 597 
99 359 198 357 
446 448 645 447 
110 455 360 430 
199 198 427 357 
328 643 644 669 
605 263 255 251 
631 629 548 302 
581 56 55 193 
369 368 244 523 
490 623 259 262 
490 260 611 262 
379 424 425 464 
613 607 257 608 
380 256 237 425 
537 538 507 536 
569 315 653 461 
238 379 237 425 
320 660 306 659 
256 238 237 425 
34 276 277 389 
390 389 388 277 
390 389 277 276 
384 577 578 251 
117 481 35 278 
312 183 561 376 
460 424 451 104 
432 433 446 645 
397 94 105 449 
147 367 518 516 
46 370 47 249 
588 601 587 586 
245 124 48 372 
600 599 504 602 
99 198 28 29 
416 81 9 10 
301 297 628 291 
662 541 346 533 
341 312 420 378 
422 457 456 430 
466 460 464 461 
18 338 172 167 
474 432 473 472 
429 218 430 428 
361 457 218 430 
579 212 196 209 
664 654 461 653 
432 474 645 472 
642 360 449 472 
465 466 464 461 
97 463 108 104 
431 424 112 458 
14 271 13 85 
334 517 346 520 
85 84 400 13 
594 220 214 225 
549 308 413 396 
565 549 633 630 
440 468 473 469 
12 401 284 270 
630 631 548 302 
450 448 645 449 
361 457 430 360 
432 113 446 101 
433 432 101 468 
456 457 360 430 
361 199 427 357 
555 167 184 443 
96 362 430 429 
100 95 361 360 
431 96 110 109 
224 220 594 225 
667 648 662 668 
607 466 463 464 
466 607 606 464 
456 319 459 472 
179 183 561 339 
459 474 458 472 
113 432 446 472 
114 432 473 468 
440 114 473 468 
294 296 626 303 
155 151 536 519 
230 585 229 225 
537 508 502 507 
230 227 593 225 
585 583 344 215 
592 537 347 508 
136 144 131 388 
482 296 483 626 
482 481 388 480 
506 389 131 388 
390 389 276 509 
583 582 344 215 
527 372 373 489 
595 640 593 575 
299 631 630 302 
334 529 533 519 
578 264 610 620 
490 488 375 489 
261 260 262 611 
481 136 131 388 
344 517 520 502 
305 631 302 629 
250 488 260 373 
480 536 513 148 
344 223 503 504 
442 173 167 17 
518 517 502 537 
517 518 502 367 
229 575 214 225 
645 657 309 650 
166 417 412 68 
502 504 520 344 
408 582 193 581 
522 524 581 516 
631 300 302 299 
55 129 581 207 
305 300 302 631 
312 421 420 378 
166 412 171 68 
517 334 518 604 
590 588 584 587 
529 334 518 519 
393 546 174 544 
586 230 599 226 
207 344 192 367 
529 334 533 526 
532 529 519 533 
492 491 513 349 
541 538 540 514 
503 344 367 192 
505 314 560 394 
530 323 533 539 
314 572 560 545 
275 67 175 396 
441 444 454 311 
431 96 109 362 
654 315 461 653 
565 547 292 548 
100 361 428 430 
184 187 444 179 
454 321 441 453 
655 649 646 454 
543 190 187 188 
442 443 441 339 
573 561 567 324 
159 407 43 494 
494 121 495 407 
121 137 495 353 
550 551 181 562 
566 572 313 565 
671 570 571 567 
184 555 444 557 
218 199 427 361 
571 675 535 672 
671 570 567 543 
672 673 352 530 
616 595 356 575 
387 577 385 233 
482 638 515 347 
252 577 233 251 
586 227 593 230 
387 579 580 612 
482 515 480 347 
573 313 572 543 
202 77 404 203 
267 584 281 404 
202 201 403 76 
365 144 126 127 
641 345 599 600 
519 540 533 346 
591 228 504 211 
67 412 285 68 
217 318 597 227 
217 216 227 597 
412 417 271 68 
586 345 593 640 
594 318 331 224 
371 522 523 368 
368 371 244 523 
622 334 618 605 
334 384 618 605 
522 524 516 604 
622 334 604 499 
384 334 604 605 
612 609 610 252 
612 577 387 252 
265 623 619 620 
615 426 610 609 
482 638 626 483 
252 577 251 610 
665 662 661 320 
515 638 538 347 
620 316 617 668 
640 641 669 600 
622 334 526 666 
296 482 483 628 
584 298 626 639 
301 305 629 483 
483 629 628 638 
179 187 444 190 
589 627 584 639 
348 352 134 120 
272 409 38 280 
487 372 486 489 
440 321 441 556 
557 649 573 566 
603 328 644 669 
488 250 487 373 
638 627 629 636 
