604 3105
1 4.000000e+002 5.000000e+001 0.000000e+000
2 4.000000e+002 5.000000e+001 5.000000e+001
3 4.000000e+002 0.000000e+000 0.000000e+000
4 4.000000e+002 0.000000e+000 5.000000e+001
5 0.000000e+000 5.000000e+001 0.000000e+000
6 0.000000e+000 5.000000e+001 5.000000e+001
7 0.000000e+000 0.000000e+000 0.000000e+000
8 0.000000e+000 0.000000e+000 5.000000e+001
9 0.000000e+000 1.666667e+001 5.000000e+001
10 0.000000e+000 3.333333e+001 5.000000e+001
11 1.481481e+001 5.000000e+001 5.000000e+001
12 2.962963e+001 5.000000e+001 5.000000e+001
13 4.444444e+001 5.000000e+001 5.000000e+001
14 5.925926e+001 5.000000e+001 5.000000e+001
15 7.407407e+001 5.000000e+001 5.000000e+001
16 8.888889e+001 5.000000e+001 5.000000e+001
17 1.037037e+002 5.000000e+001 5.000000e+001
18 1.185185e+002 5.000000e+001 5.000000e+001
19 1.333333e+002 5.000000e+001 5.000000e+001
20 1.481481e+002 5.000000e+001 5.000000e+001
21 1.629630e+002 5.000000e+001 5.000000e+001
22 1.777778e+002 5.000000e+001 5.000000e+001
23 1.925926e+002 5.000000e+001 5.000000e+001
24 2.074074e+002 5.000000e+001 5.000000e+001
25 2.222222e+002 5.000000e+001 5.000000e+001
26 2.370370e+002 5.000000e+001 5.000000e+001
27 2.518519e+002 5.000000e+001 5.000000e+001
28 2.666667e+002 5.000000e+001 5.000000e+001
29 2.814815e+002 5.000000e+001 5.000000e+001
30 2.962963e+002 5.000000e+001 5.000000e+001
31 3.111111e+002 5.000000e+001 5.000000e+001
32 3.259259e+002 5.000000e+001 5.000000e+001
33 3.407407e+002 5.000000e+001 5.000000e+001
34 3.555556e+002 5.000000e+001 5.000000e+001
35 3.703704e+002 5.000000e+001 5.000000e+001
36 3.851852e+002 5.000000e+001 5.000000e+001
37 4.000000e+002 1.666667e+001 5.000000e+001
38 4.000000e+002 3.333333e+001 5.000000e+001
39 1.481481e+001 0.000000e+000 5.000000e+001
40 2.962963e+001 0.000000e+000 5.000000e+001
41 4.444444e+001 0.000000e+000 5.000000e+001
42 5.925926e+001 0.000000e+000 5.000000e+001
43 7.407407e+001 0.000000e+000 5.000000e+001
44 8.888889e+001 0.000000e+000 5.000000e+001
45 1.037037e+002 0.000000e+000 5.000000e+001
46 1.185185e+002 0.000000e+000 5.000000e+001
47 1.333333e+002 0.000000e+000 5.000000e+001
48 1.481481e+002 0.000000e+000 5.000000e+001
49 1.629630e+002 0.000000e+000 5.000000e+001
50 1.777778e+002 0.000000e+000 5.000000e+001
51 1.925926e+002 0.000000e+000 5.000000e+001
52 2.074074e+002 0.000000e+000 5.000000e+001
53 2.222222e+002 0.000000e+000 5.000000e+001
54 2.370370e+002 0.000000e+000 5.000000e+001
55 2.518519e+002 0.000000e+000 5.000000e+001
56 2.666667e+002 0.000000e+000 5.000000e+001
57 2.814815e+002 0.000000e+000 5.000000e+001
58 2.962963e+002 0.000000e+000 5.000000e+001
59 3.111111e+002 0.000000e+000 5.000000e+001
60 3.259259e+002 0.000000e+000 5.000000e+001
61 3.407407e+002 0.000000e+000 5.000000e+001
62 3.555556e+002 0.000000e+000 5.000000e+001
63 3.703704e+002 0.000000e+000 5.000000e+001
64 3.851852e+002 0.000000e+000 5.000000e+001
65 0.000000e+000 1.666667e+001 0.000000e+000
66 0.000000e+000 3.333333e+001 0.000000e+000
67 1.481481e+001 5.000000e+001 0.000000e+000
68 2.962963e+001 5.000000e+001 0.000000e+000
69 4.444444e+001 5.000000e+001 0.000000e+000
70 5.925926e+001 5.000000e+001 0.000000e+000
71 7.407407e+001 5.000000e+001 0.000000e+000
72 8.888889e+001 5.000000e+001 0.000000e+000
73 1.037037e+002 5.000000e+001 0.000000e+000
74 1.185185e+002 5.000000e+001 0.000000e+000
75 1.333333e+002 5.000000e+001 0.000000e+000
76 1.481481e+002 5.000000e+001 0.000000e+000
77 1.629630e+002 5.000000e+001 0.000000e+000
78 1.777778e+002 5.000000e+001 0.000000e+000
79 1.925926e+002 5.000000e+001 0.000000e+000
80 2.074074e+002 5.000000e+001 0.000000e+000
81 2.222222e+002 5.000000e+001 0.000000e+000
82 2.370370e+002 5.000000e+001 0.000000e+000
83 2.518519e+002 5.000000e+001 0.000000e+000
84 2.666667e+002 5.000000e+001 0.000000e+000
85 2.814815e+002 5.000000e+001 0.000000e+000
86 2.962963e+002 5.000000e+001 0.000000e+000
87 3.111111e+002 5.000000e+001 0.000000e+000
88 3.259259e+002 5.000000e+001 0.000000e+000
89 3.407407e+002 5.000000e+001 0.000000e+000
90 3.555556e+002 5.000000e+001 0.000000e+000
91 3.703704e+002 5.000000e+001 0.000000e+000
92 3.851852e+002 5.000000e+001 0.000000e+000
93 4.000000e+002 1.666667e+001 0.000000e+000
94 4.000000e+002 3.333333e+001 0.000000e+000
95 1.481481e+001 0.000000e+000 0.000000e+000
96 2.962963e+001 0.000000e+000 0.000000e+000
97 4.444444e+001 0.000000e+000 0.000000e+000
98 5.925926e+001 0.000000e+000 0.000000e+000
99 7.407407e+001 0.000000e+000 0.000000e+000
100 8.888889e+001 0.000000e+000 0.000000e+000
101 1.037037e+002 0.000000e+000 0.000000e+000
102 1.185185e+002 0.000000e+000 0.000000e+000
103 1.333333e+002 0.000000e+000 0.000000e+000
104 1.481481e+002 0.000000e+000 0.000000e+000
105 1.629630e+002 0.000000e+000 0.000000e+000
106 1.777778e+002 0.000000e+000 0.000000e+000
107 1.925926e+002 0.000000e+000 0.000000e+000
108 2.074074e+002 0.000000e+000 0.000000e+000
109 2.222222e+002 0.000000e+000 0.000000e+000
110 2.370370e+002 0.000000e+000 0.000000e+000
111 2.518519e+002 0.000000e+000 0.000000e+000
112 2.666667e+002 0.000000e+000 0.000000e+000
113 2.814815e+002 0.000000e+000 0.000000e+000
114 2.962963e+002 0.000000e+000 0.000000e+000
115 3.111111e+002 0.000000e+000 0.000000e+000
116 3.259259e+002 0.000000e+000 0.000000e+000
117 3.407407e+002 0.000000e+000 0.000000e+000
118 3.555556e+002 0.000000e+000 0.000000e+000
119 3.703704e+002 0.000000e+000 0.000000e+000
120 3.851852e+002 0.000000e+000 0.000000e+000
121 4.000000e+002 5.000000e+001 1.666667e+001
122 4.000000e+002 5.000000e+001 3.333333e+001
123 0.000000e+000 5.000000e+001 1.666667e+001
124 0.000000e+000 5.000000e+001 3.333333e+001
125 4.000000e+002 0.000000e+000 1.666667e+001
126 4.000000e+002 0.000000e+000 3.333333e+001
127 0.000000e+000 0.000000e+000 1.666667e+001
128 0.000000e+000 0.000000e+000 3.333333e+001
129 1.384553e+001 2.655195e+001 5.000000e+001
130 1.029302e+001 3.933197e+001 5.000000e+001
131 2.325479e+001 3.758660e+001 5.000000e+001
132 3.821277e+001 3.575292e+001 5.000000e+001
133 5.358350e+001 3.401395e+001 5.000000e+001
134 6.889337e+001 3.351663e+001 5.000000e+001
135 8.397474e+001 3.337320e+001 5.000000e+001
136 9.891384e+001 3.332267e+001 5.000000e+001
137 1.137896e+002 3.331169e+001 5.000000e+001
138 1.286401e+002 3.330401e+001 5.000000e+001
139 1.435093e+002 3.331120e+001 5.000000e+001
140 1.584359e+002 3.332931e+001 5.000000e+001
141 1.734843e+002 3.341164e+001 5.000000e+001
142 1.886779e+002 3.373220e+001 5.000000e+001
143 2.035808e+002 3.521978e+001 5.000000e+001
144 2.163132e+002 3.917731e+001 5.000000e+001
145 2.298289e+002 3.711680e+001 5.000000e+001
146 2.453327e+002 3.560450e+001 5.000000e+001
147 2.609043e+002 3.397663e+001 5.000000e+001
148 2.762711e+002 3.350729e+001 5.000000e+001
149 2.913718e+002 3.337120e+001 5.000000e+001
150 3.063157e+002 3.332392e+001 5.000000e+001
151 3.212136e+002 3.331076e+001 5.000000e+001
152 3.361507e+002 3.328975e+001 5.000000e+001
153 3.512520e+002 3.324696e+001 5.000000e+001
154 3.667229e+002 3.313608e+001 5.000000e+001
155 3.829698e+002 3.290173e+001 5.000000e+001
156 3.780768e+002 1.654472e+001 5.000000e+001
157 2.022474e+001 1.290122e+001 5.000000e+001
158 4.680330e+001 1.806940e+001 5.000000e+001
159 7.882747e+001 1.678605e+001 5.000000e+001
160 1.087920e+002 1.666180e+001 5.000000e+001
161 1.385267e+002 1.665582e+001 5.000000e+001
162 1.685306e+002 1.674199e+001 5.000000e+001
163 2.010524e+002 1.768690e+001 5.000000e+001
164 2.287685e+002 1.220226e+001 5.000000e+001
165 2.542032e+002 1.802240e+001 5.000000e+001
166 2.862280e+002 1.678382e+001 5.000000e+001
167 3.162208e+002 1.666414e+001 5.000000e+001
168 3.462042e+002 1.664430e+001 5.000000e+001
169 3.615995e+002 1.661682e+001 5.000000e+001
170 9.383862e+001 1.669753e+001 5.000000e+001
171 6.336166e+001 1.707846e+001 5.000000e+001
172 3.453217e+001 1.128715e+001 5.000000e+001
173 1.236228e+002 1.665742e+001 5.000000e+001
174 1.534201e+002 1.668119e+001 5.000000e+001
175 1.840160e+002 1.694915e+001 5.000000e+001
176 2.152604e+002 1.136911e+001 5.000000e+001
177 2.421875e+002 1.110709e+001 5.000000e+001
178 2.707548e+002 1.706549e+001 5.000000e+001
179 3.012488e+002 1.669778e+001 5.000000e+001
180 3.311277e+002 1.665723e+001 5.000000e+001
181 2.186811e+002 2.520141e+001 5.000000e+001
182 2.959281e+001 2.416260e+001 5.000000e+001
183 2.366209e+002 2.385610e+001 5.000000e+001
184 1.280720e+001 2.508223e+001 0.000000e+000
185 1.705136e+001 3.778741e+001 0.000000e+000
186 3.563747e+001 3.757617e+001 0.000000e+000
187 6.644757e+001 3.748265e+001 0.000000e+000
188 9.625955e+001 3.746736e+001 0.000000e+000
189 1.259212e+002 3.746508e+001 0.000000e+000
190 1.555552e+002 3.746459e+001 0.000000e+000
191 1.851856e+002 3.746636e+001 0.000000e+000
192 2.148148e+002 3.746777e+001 0.000000e+000
193 2.444443e+002 3.747183e+001 0.000000e+000
194 2.740757e+002 3.747286e+001 0.000000e+000
195 3.037177e+002 3.747008e+001 0.000000e+000
196 3.334270e+002 3.746891e+001 0.000000e+000
197 3.635094e+002 3.745356e+001 0.000000e+000
198 3.861967e+002 2.499444e+001 0.000000e+000
199 3.792865e+002 1.264938e+001 0.000000e+000
200 2.030519e+001 1.277081e+001 0.000000e+000
201 3.612669e+001 1.266973e+001 0.000000e+000
202 5.141096e+001 1.257065e+001 0.000000e+000
203 6.646007e+001 1.251577e+001 0.000000e+000
204 8.138854e+001 1.248837e+001 0.000000e+000
205 9.625706e+001 1.247555e+001 0.000000e+000
206 1.110951e+002 1.247013e+001 0.000000e+000
207 1.259204e+002 1.246782e+001 0.000000e+000
208 1.407387e+002 1.246683e+001 0.000000e+000
209 1.555556e+002 1.246639e+001 0.000000e+000
210 1.703707e+002 1.246818e+001 0.000000e+000
211 1.851853e+002 1.246800e+001 0.000000e+000
212 2.000008e+002 1.246827e+001 0.000000e+000
213 2.148153e+002 1.246951e+001 0.000000e+000
214 2.296306e+002 1.247132e+001 0.000000e+000
215 2.444447e+002 1.247340e+001 0.000000e+000
216 2.592598e+002 1.247441e+001 0.000000e+000
217 2.740748e+002 1.247430e+001 0.000000e+000
218 2.888931e+002 1.247374e+001 0.000000e+000
219 3.037171e+002 1.247419e+001 0.000000e+000
220 3.185571e+002 1.247811e+001 0.000000e+000
221 3.334294e+002 1.248659e+001 0.000000e+000
222 3.483779e+002 1.250138e+001 0.000000e+000
223 3.635142e+002 1.252626e+001 0.000000e+000
224 3.792869e+002 3.734009e+001 0.000000e+000
225 1.110965e+002 3.746892e+001 0.000000e+000
226 2.771084e+001 2.532802e+001 0.000000e+000
227 5.131893e+001 3.750724e+001 0.000000e+000
228 8.138829e+001 3.747416e+001 0.000000e+000
229 1.407395e+002 3.746829e+001 0.000000e+000
230 1.703702e+002 3.747001e+001 0.000000e+000
231 1.999998e+002 3.747007e+001 0.000000e+000
232 2.296291e+002 3.747276e+001 0.000000e+000
233 2.592594e+002 3.747571e+001 0.000000e+000
234 2.888940e+002 3.747433e+001 0.000000e+000
235 3.185574e+002 3.747190e+001 0.000000e+000
236 3.483765e+002 3.746715e+001 0.000000e+000
237 1.481469e+002 2.496165e+001 0.000000e+000
238 8.880258e+001 2.497380e+001 0.000000e+000
239 1.185049e+002 2.496354e+001 0.000000e+000
240 1.925930e+002 2.496369e+001 0.000000e+000
241 1.333284e+002 2.496618e+001 0.000000e+000
242 2.222226e+002 2.496616e+001 0.000000e+000
243 4.347861e+001 2.511647e+001 0.000000e+000
244 2.518523e+002 2.497008e+001 0.000000e+000
245 2.814857e+002 2.497011e+001 0.000000e+000
246 3.111461e+002 2.497002e+001 0.000000e+000
247 3.409461e+002 2.497851e+001 0.000000e+000
248 2.370371e+002 2.497159e+001 0.000000e+000
249 3.712530e+002 2.499143e+001 0.000000e+000
250 5.881229e+001 2.502815e+001 0.000000e+000
251 7.387216e+001 2.499288e+001 0.000000e+000
252 1.036670e+002 2.497009e+001 0.000000e+000
253 1.629629e+002 2.496459e+001 0.000000e+000
254 1.777777e+002 2.496742e+001 0.000000e+000
255 2.074075e+002 2.496818e+001 0.000000e+000
256 2.963099e+002 2.497249e+001 0.000000e+000
257 3.260158e+002 2.497584e+001 0.000000e+000
258 3.560095e+002 2.498654e+001 0.000000e+000
259 2.666680e+002 2.497359e+001 0.000000e+000
260 2.071931e+001 5.000000e+001 1.266977e+001
261 3.649469e+001 5.000000e+001 1.255909e+001
262 5.162790e+001 5.000000e+001 1.254430e+001
263 6.657315e+001 5.000000e+001 1.253893e+001
264 8.144321e+001 5.000000e+001 1.253541e+001
265 9.628162e+001 5.000000e+001 1.253399e+001
266 1.111052e+002 5.000000e+001 1.253253e+001
267 1.259237e+002 5.000000e+001 1.253079e+001
268 1.407391e+002 5.000000e+001 1.252807e+001
269 1.555544e+002 5.000000e+001 1.252430e+001
270 1.703689e+002 5.000000e+001 1.252013e+001
271 1.851840e+002 5.000000e+001 1.251553e+001
272 1.999986e+002 5.000000e+001 1.251130e+001
273 2.148134e+002 5.000000e+001 1.250699e+001
274 2.296279e+002 5.000000e+001 1.250273e+001
275 2.444425e+002 5.000000e+001 1.249737e+001
276 2.592573e+002 5.000000e+001 1.249110e+001
277 2.740722e+002 5.000000e+001 1.248334e+001
278 2.888884e+002 5.000000e+001 1.247632e+001
279 3.037053e+002 5.000000e+001 1.247266e+001
280 3.185247e+002 5.000000e+001 1.247289e+001
281 3.333482e+002 5.000000e+001 1.247319e+001
282 3.481667e+002 5.000000e+001 1.245251e+001
283 3.629051e+002 5.000000e+001 1.233482e+001
284 3.772045e+002 5.000000e+001 1.186365e+001
285 3.899001e+002 5.000000e+001 1.048780e+001
286 3.863245e+002 5.000000e+001 2.311630e+001
287 2.071820e+001 5.000000e+001 3.736069e+001
288 5.162921e+001 5.000000e+001 3.751214e+001
289 8.144546e+001 5.000000e+001 3.753022e+001
290 1.111071e+002 5.000000e+001 3.753318e+001
291 1.407413e+002 5.000000e+001 3.752964e+001
292 1.703716e+002 5.000000e+001 3.752154e+001
293 2.000011e+002 5.000000e+001 3.751226e+001
294 2.296306e+002 5.000000e+001 3.750327e+001
295 2.592610e+002 5.000000e+001 3.749131e+001
296 2.888917e+002 5.000000e+001 3.747558e+001
297 3.185325e+002 5.000000e+001 3.746901e+001
298 3.483003e+002 5.000000e+001 3.743270e+001
299 3.793774e+002 5.000000e+001 3.668552e+001
300 9.628148e+001 5.000000e+001 3.752903e+001
301 6.657154e+001 5.000000e+001 3.752053e+001
302 3.649073e+001 5.000000e+001 3.748494e+001
303 1.259244e+002 5.000000e+001 3.752870e+001
304 1.555560e+002 5.000000e+001 3.752315e+001
305 1.851859e+002 5.000000e+001 3.751498e+001
306 2.148155e+002 5.000000e+001 3.750689e+001
307 2.444455e+002 5.000000e+001 3.749790e+001
308 2.740762e+002 5.000000e+001 3.748485e+001
309 3.037089e+002 5.000000e+001 3.747393e+001
310 3.333830e+002 5.000000e+001 3.746645e+001
311 3.634451e+002 5.000000e+001 3.728833e+001
312 1.380374e+001 5.000000e+001 2.501122e+001
313 2.814822e+002 5.000000e+001 2.497723e+001
314 4.399952e+001 5.000000e+001 2.502843e+001
315 7.398863e+001 5.000000e+001 2.503567e+001
316 1.036909e+002 5.000000e+001 2.503674e+001
317 1.333319e+002 5.000000e+001 2.503345e+001
318 1.629628e+002 5.000000e+001 2.502551e+001
319 1.925924e+002 5.000000e+001 2.501554e+001
320 2.222218e+002 5.000000e+001 2.500575e+001
321 2.518516e+002 5.000000e+001 2.499369e+001
322 2.962992e+002 5.000000e+001 2.497225e+001
323 3.111200e+002 5.000000e+001 2.497016e+001
324 3.259546e+002 5.000000e+001 2.496936e+001
325 3.408217e+002 5.000000e+001 2.495521e+001
326 3.557630e+002 5.000000e+001 2.487497e+001
327 3.708711e+002 5.000000e+001 2.453204e+001
328 2.874947e+001 5.000000e+001 2.501869e+001
329 5.905439e+001 5.000000e+001 2.502938e+001
330 2.370367e+002 5.000000e+001 2.500022e+001
331 1.481474e+002 5.000000e+001 2.502686e+001
332 1.185133e+002 5.000000e+001 2.503195e+001
333 8.885259e+001 5.000000e+001 2.503279e+001
334 1.777775e+002 5.000000e+001 2.501847e+001
335 2.074071e+002 5.000000e+001 2.500958e+001
336 2.666668e+002 5.000000e+001 2.498725e+001
337 2.071905e+001 0.000000e+000 1.266381e+001
338 5.163132e+001 0.000000e+000 1.253966e+001
339 8.144626e+001 0.000000e+000 1.253587e+001
340 1.111070e+002 0.000000e+000 1.253416e+001
341 1.407408e+002 0.000000e+000 1.253451e+001
342 1.703708e+002 0.000000e+000 1.253511e+001
343 1.999999e+002 0.000000e+000 1.253284e+001
344 2.296295e+002 0.000000e+000 1.253012e+001
345 2.592594e+002 0.000000e+000 1.252694e+001
346 2.888899e+002 0.000000e+000 1.252878e+001
347 3.185253e+002 0.000000e+000 1.253294e+001
348 3.481666e+002 0.000000e+000 1.249860e+001
349 3.771995e+002 0.000000e+000 1.188617e+001
350 3.898977e+002 0.000000e+000 1.049622e+001
351 2.071890e+001 0.000000e+000 3.735517e+001
352 3.649310e+001 0.000000e+000 3.748023e+001
353 5.162709e+001 0.000000e+000 3.750596e+001
354 6.657208e+001 0.000000e+000 3.751979e+001
355 8.144354e+001 0.000000e+000 3.752783e+001
356 9.628146e+001 0.000000e+000 3.752964e+001
357 1.111053e+002 0.000000e+000 3.753137e+001
358 1.259244e+002 0.000000e+000 3.753235e+001
359 1.407401e+002 0.000000e+000 3.753271e+001
360 1.555558e+002 0.000000e+000 3.753309e+001
361 1.703703e+002 0.000000e+000 3.753339e+001
362 1.851860e+002 0.000000e+000 3.753351e+001
363 2.000009e+002 0.000000e+000 3.753104e+001
364 2.148155e+002 0.000000e+000 3.753009e+001
365 2.296308e+002 0.000000e+000 3.752844e+001
366 2.444450e+002 0.000000e+000 3.752657e+001
367 2.592598e+002 0.000000e+000 3.752562e+001
368 2.740739e+002 0.000000e+000 3.752606e+001
369 2.888891e+002 0.000000e+000 3.752751e+001
370 3.037057e+002 0.000000e+000 3.752944e+001
371 3.185321e+002 0.000000e+000 3.752882e+001
372 3.333823e+002 0.000000e+000 3.752023e+001
373 3.483052e+002 0.000000e+000 3.747850e+001
374 3.634460e+002 0.000000e+000 3.732215e+001
375 3.793790e+002 0.000000e+000 3.670713e+001
376 3.649277e+001 0.000000e+000 1.255112e+001
377 6.657372e+001 0.000000e+000 1.253423e+001
378 9.628172e+001 0.000000e+000 1.253049e+001
379 1.259242e+002 0.000000e+000 1.253081e+001
380 1.555554e+002 0.000000e+000 1.253122e+001
381 1.851851e+002 0.000000e+000 1.253173e+001
382 2.148152e+002 0.000000e+000 1.252850e+001
383 2.444448e+002 0.000000e+000 1.252525e+001
384 2.740749e+002 0.000000e+000 1.252451e+001
385 3.037070e+002 0.000000e+000 1.252807e+001
386 3.333515e+002 0.000000e+000 1.252457e+001
387 3.629067e+002 0.000000e+000 1.236424e+001
388 3.863267e+002 0.000000e+000 2.312977e+001
389 1.380399e+001 0.000000e+000 2.500707e+001
390 7.398915e+001 0.000000e+000 2.503340e+001
391 2.222227e+002 0.000000e+000 2.503343e+001
392 1.185142e+002 0.000000e+000 2.503676e+001
393 1.481481e+002 0.000000e+000 2.503757e+001
394 1.777782e+002 0.000000e+000 2.503830e+001
395 4.399989e+001 0.000000e+000 2.502142e+001
396 2.518523e+002 0.000000e+000 2.502988e+001
397 2.814821e+002 0.000000e+000 2.503051e+001
398 3.111204e+002 0.000000e+000 2.503424e+001
399 3.408235e+002 0.000000e+000 2.500991e+001
400 3.708696e+002 0.000000e+000 2.456176e+001
401 1.629629e+002 0.000000e+000 2.503405e+001
402 2.874988e+001 0.000000e+000 2.501291e+001
403 1.333316e+002 0.000000e+000 2.503341e+001
404 5.905524e+001 0.000000e+000 2.502550e+001
405 8.885361e+001 0.000000e+000 2.503358e+001
406 1.036893e+002 0.000000e+000 2.503205e+001
407 1.925929e+002 0.000000e+000 2.503489e+001
408 2.074081e+002 0.000000e+000 2.503125e+001
409 2.370377e+002 0.000000e+000 2.502830e+001
410 2.962996e+002 0.000000e+000 2.502917e+001
411 3.259586e+002 0.000000e+000 2.502710e+001
412 3.557674e+002 0.000000e+000 2.491347e+001
413 2.666673e+002 0.000000e+000 2.502654e+001
414 4.000000e+002 1.246012e+001 2.104718e+001
415 4.000000e+002 1.418067e+001 3.651596e+001
416 4.000000e+002 3.269729e+001 3.730203e+001
417 4.000000e+002 3.688481e+001 2.142516e+001
418 4.000000e+002 2.477496e+001 1.312925e+001
419 4.000000e+002 2.428767e+001 2.625024e+001
420 0.000000e+000 1.208731e+001 2.334711e+001
421 0.000000e+000 1.068267e+001 3.829207e+001
422 0.000000e+000 3.703806e+001 2.516895e+001
423 0.000000e+000 2.341294e+001 3.401106e+001
424 0.000000e+000 2.468060e+001 1.655186e+001
425 2.963453e+001 1.385916e+001 3.380681e+001
426 5.790334e+001 2.782005e+001 3.696783e+001
427 5.518007e+001 1.426670e+001 1.356025e+001
428 2.975369e+001 2.691151e+001 1.903523e+001
429 8.445281e+001 2.353302e+001 3.925107e+001
430 9.358942e+001 1.561722e+001 2.645289e+001
431 7.114577e+001 1.552772e+001 3.598448e+001
432 7.247387e+001 1.859311e+001 2.194640e+001
433 1.282796e+002 2.121961e+001 2.860353e+001
434 1.326369e+002 1.419585e+001 1.425477e+001
435 1.140452e+002 2.995767e+001 3.462458e+001
436 1.174235e+002 1.244624e+001 1.882087e+001
437 1.727345e+002 2.021481e+001 3.705568e+001
438 1.558136e+002 2.203387e+001 3.422602e+001
439 1.520008e+002 1.590740e+001 1.560620e+001
440 2.163422e+002 1.825467e+001 3.294000e+001
441 1.921838e+002 2.129208e+001 3.822032e+001
442 1.936963e+002 1.543935e+001 1.285361e+001
443 1.689028e+002 1.587142e+001 2.045661e+001
444 2.317957e+002 2.191792e+001 3.855593e+001
445 2.103875e+002 2.262087e+001 1.488961e+001
446 2.530682e+002 1.221081e+001 3.640978e+001
447 2.635610e+002 1.499211e+001 1.256029e+001
448 2.362608e+002 2.005902e+001 1.923077e+001
449 3.159108e+002 1.820268e+001 3.270585e+001
450 2.918611e+002 2.537318e+001 3.900699e+001
451 2.753653e+002 2.409079e+001 3.484641e+001
452 2.720046e+002 2.222675e+001 2.154175e+001
453 3.454834e+002 2.375696e+001 3.595118e+001
454 3.393946e+002 1.803134e+001 1.720265e+001
455 3.197239e+002 1.220717e+001 2.216271e+001
456 2.966919e+002 1.643204e+001 1.453299e+001
457 3.846822e+002 1.579925e+001 3.467749e+001
458 3.576034e+002 1.487062e+001 3.541001e+001
459 3.584862e+002 2.072153e+001 2.187009e+001
460 3.842910e+002 1.192242e+001 1.341734e+001
461 4.457167e+001 1.275786e+001 3.671036e+001
462 1.320169e+002 1.128874e+001 3.983529e+001
463 1.587821e+002 1.005297e+001 4.071040e+001
464 2.923999e+002 9.733665e+000 4.196046e+001
465 3.059996e+002 1.253618e+001 3.805957e+001
466 3.483299e+002 9.579141e+000 4.122043e+001
467 2.366669e+001 1.349089e+001 1.215670e+001
468 7.513453e+001 9.881884e+000 1.310005e+001
469 1.069253e+002 1.071270e+001 9.050890e+000
470 1.775006e+002 1.257396e+001 1.140751e+001
471 2.071066e+002 1.094944e+001 8.918858e+000
472 2.377662e+002 1.163020e+001 1.247976e+001
473 3.125907e+002 1.041264e+001 1.204051e+001
474 3.425184e+002 8.950504e+000 1.024635e+001
475 3.730319e+002 8.527159e+000 8.260116e+000
476 1.024443e+002 1.087813e+001 3.917599e+001
477 2.038283e+002 1.038413e+001 4.133129e+001
478 2.644371e+002 1.090523e+001 4.118278e+001
479 3.669432e+002 9.788465e+000 4.198334e+001
480 3.448679e+001 3.561551e+001 4.036766e+001
481 2.381900e+001 3.626446e+001 4.042833e+001
482 2.897309e+001 3.400776e+001 3.070807e+001
483 7.836178e+001 3.304826e+001 2.846230e+001
484 9.825250e+001 2.497854e+001 3.401618e+001
485 9.520440e+001 3.880845e+001 3.600914e+001
486 1.297785e+002 2.390183e+001 4.078926e+001
487 1.287471e+002 3.804067e+001 3.603502e+001
488 1.538819e+002 3.785487e+001 3.535416e+001
489 1.817378e+002 3.428906e+001 3.483430e+001
490 1.956259e+002 3.705085e+001 3.518645e+001
491 2.105983e+002 3.647120e+001 4.057054e+001
492 2.231553e+002 3.677091e+001 3.824811e+001
493 2.111181e+002 3.584331e+001 2.803193e+001
494 2.397519e+002 3.767314e+001 3.754459e+001
495 2.337051e+002 3.208273e+001 2.555382e+001
496 2.684571e+002 3.857689e+001 3.569716e+001
497 2.621822e+002 2.467085e+001 3.950656e+001
498 2.551055e+002 3.901955e+001 3.791372e+001
499 2.809394e+002 3.797975e+001 3.673946e+001
500 3.245740e+002 2.825035e+001 3.914882e+001
501 3.240167e+002 3.209934e+001 2.484930e+001
502 3.425085e+002 3.839714e+001 3.616329e+001
503 3.749709e+002 3.698329e+001 3.366930e+001
504 3.672969e+002 2.381936e+001 3.597246e+001
505 3.576852e+002 3.687886e+001 3.306424e+001
506 5.587650e+001 1.090421e+001 4.118603e+001
507 5.572012e+001 1.263441e+001 2.993543e+001
508 1.903887e+002 9.891807e+000 4.012999e+001
509 1.835607e+002 1.328865e+001 2.666378e+001
510 4.122084e+001 2.562896e+001 4.000208e+001
511 4.490810e+001 3.326331e+001 2.507454e+001
512 1.180508e+002 1.120026e+001 3.897965e+001
513 1.428940e+002 2.517143e+001 3.799570e+001
514 1.450282e+002 1.056229e+001 4.151031e+001
515 1.440051e+002 1.192172e+001 2.865778e+001
516 3.221857e+002 1.051974e+001 4.213138e+001
517 2.473339e+002 2.486317e+001 3.932512e+001
518 2.803229e+002 1.052041e+001 3.906851e+001
519 2.572639e+001 2.348498e+001 4.073884e+001
520 2.043421e+002 2.450760e+001 3.925841e+001
521 1.977272e+002 2.424628e+001 2.543923e+001
522 6.636692e+001 1.605446e+001 1.298522e+001
523 1.484655e+002 3.664673e+001 1.186866e+001
524 3.076672e+002 3.586392e+001 1.344685e+001
525 1.811469e+002 3.191411e+001 1.703501e+001
526 2.570859e+002 3.608389e+001 1.149485e+001
527 3.497723e+002 3.297271e+001 1.222868e+001
528 9.128204e+001 3.406990e+001 1.518389e+001
529 1.612362e+002 3.501360e+001 9.470906e+000
530 1.631198e+002 3.466344e+001 2.305768e+001
531 7.778968e+001 2.301569e+001 1.228669e+001
532 7.155545e+001 3.672884e+001 1.250112e+001
533 1.298266e+002 3.503917e+001 1.449834e+001
534 1.185853e+002 2.150028e+001 1.166969e+001
535 1.099665e+002 3.562888e+001 1.545485e+001
536 1.424070e+002 3.222472e+001 2.458407e+001
537 5.579974e+001 3.548090e+001 1.106174e+001
538 4.392978e+001 3.814348e+001 9.560218e+000
539 2.698269e+002 2.586406e+001 1.016476e+001
540 2.725469e+002 3.621376e+001 1.758312e+001
541 2.911150e+002 3.506538e+001 1.076002e+001
542 2.875371e+002 3.348347e+001 2.379507e+001
543 3.107944e+002 2.211290e+001 1.413210e+001
544 3.396255e+002 3.631525e+001 2.127476e+001
545 2.394896e+002 3.755451e+001 1.286663e+001
546 2.462533e+002 2.346716e+001 1.312239e+001
547 3.719528e+002 2.059977e+001 1.146146e+001
548 3.875538e+002 2.713741e+001 1.150607e+001
549 3.811401e+002 2.627544e+001 2.366005e+001
550 3.644745e+002 3.380845e+001 1.759881e+001
551 3.753586e+002 3.807384e+001 1.322409e+001
552 9.158451e+001 1.259234e+001 1.322761e+001
553 1.191794e+002 9.501346e+000 8.745566e+000
554 2.219094e+002 3.287256e+001 1.378788e+001
555 2.213330e+002 1.254713e+001 1.103545e+001
556 2.271146e+002 1.489733e+001 2.296471e+001
557 2.514998e+002 1.107529e+001 8.721006e+000
558 2.817327e+002 1.799041e+001 1.122001e+001
559 2.780377e+002 1.182022e+001 2.366401e+001
560 3.265402e+002 1.130571e+001 9.897417e+000
561 3.239260e+002 2.494764e+001 1.163818e+001
562 3.524676e+002 1.315160e+001 1.113517e+001
563 1.956440e+002 3.408317e+001 1.038632e+001
564 2.086423e+002 3.897302e+001 1.327269e+001
565 1.049560e+002 2.108295e+001 1.833136e+001
566 4.281060e+001 2.356133e+001 1.068452e+001
567 1.407493e+002 2.551847e+001 9.734683e+000
568 2.312326e+002 2.414475e+001 1.073051e+001
569 3.344301e+002 2.551266e+001 7.982870e+000
570 1.350836e+001 3.549224e+001 1.110471e+001
571 1.992410e+002 3.906987e+001 2.156214e+001
572 2.568931e+002 2.865856e+001 2.542507e+001
573 1.634191e+002 9.743245e+000 1.059358e+001
574 1.661088e+002 2.197974e+001 9.911065e+000
575 1.042195e+001 1.182032e+001 1.233128e+001
576 1.388746e+001 1.303596e+001 2.808096e+001
577 1.477341e+001 2.915993e+001 3.364939e+001
578 1.204283e+001 1.248218e+001 4.042322e+001
579 3.795341e+001 1.210761e+001 1.107881e+001
580 3.632986e+002 1.310966e+001 1.293633e+001
581 8.733406e+001 1.079872e+001 3.913598e+001
582 8.102021e+001 1.197098e+001 2.524708e+001
583 3.487555e+002 9.820125e+000 2.777629e+001
584 2.084198e+002 1.073765e+001 1.960359e+001
585 1.108739e+002 1.246375e+001 2.926184e+001
586 1.061959e+002 8.976763e+000 1.878341e+001
587 4.372765e+001 1.210988e+001 2.117329e+001
588 2.520011e+002 1.090997e+001 1.948252e+001
589 2.417304e+002 1.442862e+001 2.936403e+001
590 3.055999e+002 1.278846e+001 2.351693e+001
591 3.302884e+002 1.238056e+001 2.044844e+001
592 3.315087e+002 1.365128e+001 3.226005e+001
593 3.727350e+002 1.106129e+001 2.108283e+001
594 3.663637e+002 9.675995e+000 3.099694e+001
595 1.273095e+002 8.976206e+000 2.787510e+001
596 6.620129e+001 1.017267e+001 2.332437e+001
597 6.344562e+001 2.594358e+001 2.130099e+001
598 1.626428e+002 9.879044e+000 3.035888e+001
599 2.002104e+002 1.151773e+001 3.058194e+001
600 2.646352e+002 1.239773e+001 2.972170e+001
601 2.909315e+002 1.245557e+001 3.010060e+001
602 3.045744e+002 3.140680e+001 2.987279e+001
603 1.134725e+001 2.389644e+001 2.055679e+001
604 1.917287e+001 3.913799e+001 2.109979e+001
1 102 9 8 
2 102 10 9 
3 102 6 10 
4 102 11 6 
5 102 12 11 
6 102 13 12 
7 102 14 13 
8 102 15 14 
9 102 16 15 
10 102 17 16 
11 102 18 17 
12 102 19 18 
13 102 20 19 
14 102 21 20 
15 102 22 21 
16 102 23 22 
17 102 24 23 
18 102 25 24 
19 102 26 25 
20 102 27 26 
21 102 28 27 
22 102 29 28 
23 102 30 29 
24 102 31 30 
25 102 32 31 
26 102 33 32 
27 102 34 33 
28 102 35 34 
29 102 36 35 
30 102 2 36 
31 102 4 37 
32 102 37 38 
33 102 38 2 
34 102 8 39 
35 102 39 40 
36 102 40 41 
37 102 41 42 
38 102 42 43 
39 102 43 44 
40 102 44 45 
41 102 45 46 
42 102 46 47 
43 102 47 48 
44 102 48 49 
45 102 49 50 
46 102 50 51 
47 102 51 52 
48 102 52 53 
49 102 53 54 
50 102 54 55 
51 102 55 56 
52 102 56 57 
53 102 57 58 
54 102 58 59 
55 102 59 60 
56 102 60 61 
57 102 61 62 
58 102 62 63 
59 102 63 64 
60 102 64 4 
61 102 7 65 
62 102 65 66 
63 102 66 5 
64 102 5 67 
65 102 67 68 
66 102 68 69 
67 102 69 70 
68 102 70 71 
69 102 71 72 
70 102 72 73 
71 102 73 74 
72 102 74 75 
73 102 75 76 
74 102 76 77 
75 102 77 78 
76 102 78 79 
77 102 79 80 
78 102 80 81 
79 102 81 82 
80 102 82 83 
81 102 83 84 
82 102 84 85 
83 102 85 86 
84 102 86 87 
85 102 87 88 
86 102 88 89 
87 102 89 90 
88 102 90 91 
89 102 91 92 
90 102 92 1 
91 102 93 3 
92 102 94 93 
93 102 1 94 
94 102 95 7 
95 102 96 95 
96 102 97 96 
97 102 98 97 
98 102 99 98 
99 102 100 99 
100 102 101 100 
101 102 102 101 
102 102 103 102 
103 102 104 103 
104 102 105 104 
105 102 106 105 
106 102 107 106 
107 102 108 107 
108 102 109 108 
109 102 110 109 
110 102 111 110 
111 102 112 111 
112 102 113 112 
113 102 114 113 
114 102 115 114 
115 102 116 115 
116 102 117 116 
117 102 118 117 
118 102 119 118 
119 102 120 119 
120 102 3 120 
121 102 121 1 
122 102 122 121 
123 102 2 122 
124 102 5 123 
125 102 123 124 
126 102 124 6 
127 102 3 125 
128 102 125 126 
129 102 126 4 
130 102 127 7 
131 102 128 127 
132 102 8 128 
133 203 9 8 39 
134 203 10 9 129 
135 203 6 10 130 
136 203 11 6 130 
137 203 10 129 130 
138 203 12 11 131 
139 203 11 130 131 
140 203 13 12 132 
141 203 12 131 132 
142 203 14 13 133 
143 203 13 132 133 
144 203 15 14 134 
145 203 14 133 134 
146 203 16 15 135 
147 203 15 134 135 
148 203 17 16 136 
149 203 16 135 136 
150 203 18 17 137 
151 203 17 136 137 
152 203 19 18 138 
153 203 18 137 138 
154 203 20 19 139 
155 203 19 138 139 
156 203 21 20 140 
157 203 20 139 140 
158 203 22 21 141 
159 203 21 140 141 
160 203 23 22 142 
161 203 22 141 142 
162 203 24 23 143 
163 203 23 142 143 
164 203 25 24 144 
165 203 24 143 144 
166 203 26 25 145 
167 203 25 144 145 
168 203 27 26 146 
169 203 26 145 146 
170 203 28 27 147 
171 203 27 146 147 
172 203 29 28 148 
173 203 28 147 148 
174 203 30 29 149 
175 203 29 148 149 
176 203 31 30 150 
177 203 30 149 150 
178 203 32 31 151 
179 203 31 150 151 
180 203 33 32 152 
181 203 32 151 152 
182 203 34 33 153 
183 203 33 152 153 
184 203 35 34 154 
185 203 34 153 154 
186 203 36 35 155 
187 203 35 154 155 
188 203 2 36 38 
189 203 4 37 64 
190 203 422 424 423 
191 203 424 420 423 
192 203 63 64 156 
193 203 156 64 37 
194 203 39 40 157 
195 203 41 42 158 
196 203 43 44 159 
197 203 45 46 160 
198 203 47 48 161 
199 203 49 50 162 
200 203 51 52 163 
201 203 53 54 164 
202 203 55 56 165 
203 203 57 58 166 
204 203 59 60 167 
205 203 61 62 168 
206 203 62 63 169 
207 203 168 62 169 
208 203 63 156 169 
209 203 9 39 157 
210 203 129 9 157 
211 203 38 36 155 
212 203 159 44 170 
213 203 44 45 170 
214 203 37 38 155 
215 203 158 42 171 
216 203 42 43 171 
217 203 40 41 172 
218 203 43 159 171 
219 203 40 172 157 
220 203 45 160 170 
221 203 46 47 173 
222 203 48 49 174 
223 203 50 51 175 
224 203 52 53 176 
225 203 54 55 177 
226 203 56 57 178 
227 203 58 59 179 
228 203 60 61 180 
229 203 180 61 168 
230 203 178 57 166 
231 203 161 48 174 
232 203 162 50 175 
233 203 163 52 176 
234 203 164 54 177 
235 203 165 56 178 
236 203 166 58 179 
237 203 167 60 180 
238 203 179 59 167 
239 203 177 55 165 
240 203 46 173 160 
241 203 176 53 164 
242 203 172 41 158 
243 203 175 51 163 
244 203 174 49 162 
245 203 173 47 161 
246 203 176 164 181 
247 203 131 130 129 
248 203 132 131 182 
249 203 133 132 158 
250 203 134 133 171 
251 203 135 134 159 
252 203 136 135 170 
253 203 137 136 160 
254 203 138 137 173 
255 203 139 138 161 
256 203 140 139 174 
257 203 141 140 162 
258 203 142 141 175 
259 203 143 142 163 
260 203 144 143 181 
261 203 145 144 181 
262 203 146 145 183 
263 203 147 146 165 
264 203 148 147 178 
265 203 149 148 166 
266 203 150 149 179 
267 203 151 150 167 
268 203 152 151 180 
269 203 153 152 168 
270 203 154 153 169 
271 203 170 135 159 
272 203 158 171 133 
273 203 159 134 171 
274 203 175 163 142 
275 203 162 175 141 
276 203 173 161 138 
277 203 174 162 140 
278 203 172 158 182 
279 203 165 178 147 
280 203 160 173 137 
281 203 166 179 149 
282 203 161 174 139 
283 203 167 180 151 
284 203 177 165 183 
285 203 179 167 150 
286 203 178 166 148 
287 203 180 168 152 
288 203 170 160 136 
289 203 157 182 129 
290 203 165 146 183 
291 203 131 129 182 
292 203 172 182 157 
293 203 143 163 181 
294 203 145 181 183 
295 203 177 183 164 
296 203 153 168 169 
297 203 154 169 156 
298 203 155 154 156 
299 203 158 132 182 
300 203 181 164 183 
301 203 163 176 181 
302 203 156 37 155 
303 203 7 65 95 
304 203 65 66 184 
305 203 66 5 185 
306 203 184 66 185 
307 203 5 67 185 
308 203 67 68 185 
309 203 68 69 186 
310 203 70 71 187 
311 203 72 73 188 
312 203 74 75 189 
313 203 76 77 190 
314 203 78 79 191 
315 203 80 81 192 
316 203 82 83 193 
317 203 84 85 194 
318 203 86 87 195 
319 203 88 89 196 
320 203 90 91 197 
321 203 92 1 94 
322 203 93 3 120 
323 203 94 93 198 
324 203 93 120 199 
325 203 198 93 199 
326 203 120 119 199 
327 203 96 95 200 
328 203 97 96 201 
329 203 96 200 201 
330 203 98 97 202 
331 203 97 201 202 
332 203 99 98 203 
333 203 98 202 203 
334 203 100 99 204 
335 203 99 203 204 
336 203 101 100 205 
337 203 100 204 205 
338 203 102 101 206 
339 203 101 205 206 
340 203 103 102 207 
341 203 102 206 207 
342 203 104 103 208 
343 203 103 207 208 
344 203 105 104 209 
345 203 104 208 209 
346 203 106 105 210 
347 203 105 209 210 
348 203 107 106 211 
349 203 106 210 211 
350 203 108 107 212 
351 203 107 211 212 
352 203 109 108 213 
353 203 108 212 213 
354 203 110 109 214 
355 203 109 213 214 
356 203 111 110 215 
357 203 110 214 215 
358 203 112 111 216 
359 203 111 215 216 
360 203 113 112 217 
361 203 112 216 217 
362 203 114 113 218 
363 203 113 217 218 
364 203 115 114 219 
365 203 114 218 219 
366 203 116 115 220 
367 203 115 219 220 
368 203 117 116 221 
369 203 116 220 221 
370 203 118 117 222 
371 203 117 221 222 
372 203 119 118 223 
373 203 118 222 223 
374 203 95 65 200 
375 203 92 94 224 
376 203 91 92 224 
377 203 94 198 224 
378 203 188 73 225 
379 203 73 74 225 
380 203 68 186 185 
381 203 184 185 226 
382 203 226 185 186 
383 203 69 70 227 
384 203 71 72 228 
385 203 74 189 225 
386 203 75 76 229 
387 203 77 78 230 
388 203 79 80 231 
389 203 81 82 232 
390 203 83 84 233 
391 203 85 86 234 
392 203 87 88 235 
393 203 89 90 236 
394 203 230 78 191 
395 203 75 229 189 
396 203 199 119 223 
397 203 91 224 197 
398 203 65 184 200 
399 203 231 80 192 
400 203 69 227 186 
401 203 190 77 230 
402 203 191 79 231 
403 203 192 81 232 
404 203 193 83 233 
405 203 194 85 234 
406 203 195 87 235 
407 203 196 89 236 
408 203 232 82 193 
409 203 233 84 194 
410 203 234 86 195 
411 203 235 88 196 
412 203 236 90 197 
413 203 227 70 187 
414 203 228 72 188 
415 203 71 228 187 
416 203 229 76 190 
417 203 229 190 237 
418 203 228 188 238 
419 203 225 189 239 
420 203 191 231 240 
421 203 189 229 241 
422 203 239 189 241 
423 203 229 237 241 
424 203 192 232 242 
425 203 186 227 243 
426 203 193 233 244 
427 203 194 234 245 
428 203 195 235 246 
429 203 196 236 247 
430 203 232 193 248 
431 203 242 232 248 
432 203 193 244 248 
433 203 198 199 249 
434 203 224 198 249 
435 203 199 223 249 
436 203 197 224 249 
437 203 202 201 243 
438 203 203 202 250 
439 203 202 243 250 
440 203 204 203 251 
441 203 203 250 251 
442 203 205 204 238 
443 203 206 205 252 
444 203 205 238 252 
445 203 207 206 239 
446 203 208 207 241 
447 203 209 208 237 
448 203 210 209 253 
449 203 209 237 253 
450 203 211 210 254 
451 203 210 253 254 
452 203 212 211 240 
453 203 213 212 255 
454 203 212 240 255 
455 203 214 213 242 
456 203 215 214 248 
457 203 216 215 244 
458 203 218 217 245 
459 203 219 218 256 
460 203 218 245 256 
461 203 220 219 246 
462 203 221 220 257 
463 203 220 246 257 
464 203 222 221 247 
465 203 223 222 258 
466 203 249 223 258 
467 203 222 247 258 
468 203 231 192 255 
469 203 188 225 252 
470 203 200 184 226 
471 203 228 238 251 
472 203 240 231 255 
473 203 226 186 243 
474 203 255 192 242 
475 203 190 230 253 
476 203 225 239 252 
477 203 238 188 252 
478 203 187 228 251 
479 203 191 240 254 
480 203 237 190 253 
481 203 191 254 230 
482 203 243 227 250 
483 203 204 251 238 
484 203 194 245 259 
485 203 233 194 259 
486 203 245 217 259 
487 203 195 246 256 
488 203 234 195 256 
489 203 196 247 257 
490 203 235 196 257 
491 203 236 197 258 
492 203 241 207 239 
493 203 227 187 250 
494 203 187 251 250 
495 203 201 200 226 
496 203 243 201 226 
497 203 233 259 244 
498 203 206 252 239 
499 203 208 241 237 
500 203 211 254 240 
501 203 214 242 248 
502 203 213 255 242 
503 203 215 248 244 
504 203 216 244 259 
505 203 217 216 259 
506 203 219 256 246 
507 203 221 257 247 
508 203 197 249 258 
509 203 236 258 247 
510 203 230 254 253 
511 203 246 235 257 
512 203 245 234 256 
513 203 67 5 123 
514 203 68 67 260 
515 203 69 68 261 
516 203 68 260 261 
517 203 70 69 262 
518 203 69 261 262 
519 203 71 70 263 
520 203 70 262 263 
521 203 72 71 264 
522 203 71 263 264 
523 203 73 72 265 
524 203 72 264 265 
525 203 74 73 266 
526 203 73 265 266 
527 203 75 74 267 
528 203 74 266 267 
529 203 76 75 268 
530 203 75 267 268 
531 203 77 76 269 
532 203 76 268 269 
533 203 78 77 270 
534 203 77 269 270 
535 203 79 78 271 
536 203 78 270 271 
537 203 80 79 272 
538 203 79 271 272 
539 203 81 80 273 
540 203 80 272 273 
541 203 82 81 274 
542 203 81 273 274 
543 203 83 82 275 
544 203 82 274 275 
545 203 84 83 276 
546 203 83 275 276 
547 203 85 84 277 
548 203 84 276 277 
549 203 86 85 278 
550 203 85 277 278 
551 203 87 86 279 
552 203 86 278 279 
553 203 88 87 280 
554 203 87 279 280 
555 203 89 88 281 
556 203 88 280 281 
557 203 90 89 282 
558 203 89 281 282 
559 203 91 90 283 
560 203 90 282 283 
561 203 92 91 284 
562 203 91 283 284 
563 203 1 92 285 
564 203 121 1 285 
565 203 92 284 285 
566 203 122 121 286 
567 203 121 285 286 
568 203 2 122 36 
569 203 6 11 124 
570 203 11 12 287 
571 203 13 14 288 
572 203 15 16 289 
573 203 17 18 290 
574 203 19 20 291 
575 203 21 22 292 
576 203 23 24 293 
577 203 25 26 294 
578 203 27 28 295 
579 203 29 30 296 
580 203 31 32 297 
581 203 33 34 298 
582 203 35 36 299 
583 203 124 11 287 
584 203 67 123 260 
585 203 286 299 122 
586 203 289 16 300 
587 203 16 17 300 
588 203 288 14 301 
589 203 14 15 301 
590 203 12 13 302 
591 203 15 289 301 
592 203 12 302 287 
593 203 17 290 300 
594 203 18 19 303 
595 203 20 21 304 
596 203 22 23 305 
597 203 24 25 306 
598 203 26 27 307 
599 203 28 29 308 
600 203 30 31 309 
601 203 32 33 310 
602 203 34 35 311 
603 203 307 27 295 
604 203 123 124 312 
605 203 260 123 312 
606 203 306 25 294 
607 203 291 20 304 
608 203 292 22 305 
609 203 293 24 306 
610 203 294 26 307 
611 203 295 28 308 
612 203 296 30 309 
613 203 297 32 310 
614 203 298 34 311 
615 203 36 122 299 
616 203 308 29 296 
617 203 309 31 297 
618 203 310 33 298 
619 203 311 35 299 
620 203 18 303 290 
621 203 302 13 288 
622 203 305 23 293 
623 203 304 21 292 
624 203 303 19 291 
625 203 312 124 287 
626 203 308 296 313 
627 203 262 261 314 
628 203 264 263 315 
629 203 266 265 316 
630 203 268 267 317 
631 203 270 269 318 
632 203 272 271 319 
633 203 274 273 320 
634 203 276 275 321 
635 203 278 277 313 
636 203 279 278 322 
637 203 278 313 322 
638 203 280 279 323 
639 203 279 322 323 
640 203 281 280 324 
641 203 280 323 324 
642 203 282 281 325 
643 203 281 324 325 
644 203 283 282 326 
645 203 282 325 326 
646 203 284 283 327 
647 203 283 326 327 
648 203 302 288 314 
649 203 287 302 328 
650 203 302 314 328 
651 203 300 290 316 
652 203 305 293 319 
653 203 301 289 315 
654 203 288 301 329 
655 203 301 315 329 
656 203 312 287 328 
657 203 303 291 317 
658 203 304 292 318 
659 203 294 307 330 
660 203 291 304 331 
661 203 317 291 331 
662 203 304 318 331 
663 203 306 294 320 
664 203 296 309 322 
665 203 309 297 323 
666 203 297 310 324 
667 203 310 298 325 
668 203 298 311 326 
669 203 311 299 327 
670 203 299 286 327 
671 203 290 303 332 
672 203 316 290 332 
673 203 303 317 332 
674 203 307 295 321 
675 203 289 300 333 
676 203 300 316 333 
677 203 260 312 328 
678 203 261 260 328 
679 203 262 314 329 
680 203 318 269 331 
681 203 264 315 333 
682 203 263 262 329 
683 203 266 316 332 
684 203 265 264 333 
685 203 268 317 331 
686 203 267 266 332 
687 203 270 318 334 
688 203 271 270 334 
689 203 318 292 334 
690 203 269 268 331 
691 203 272 319 335 
692 203 273 272 335 
693 203 319 293 335 
694 203 274 320 330 
695 203 276 321 336 
696 203 277 276 336 
697 203 321 295 336 
698 203 275 274 330 
699 203 271 334 319 
700 203 314 288 329 
701 203 285 284 286 
702 203 307 321 330 
703 203 275 330 321 
704 203 317 267 332 
705 203 305 319 334 
706 203 261 328 314 
707 203 316 265 333 
708 203 315 263 329 
709 203 320 294 330 
710 203 292 305 334 
711 203 306 320 335 
712 203 293 306 335 
713 203 322 309 323 
714 203 295 308 336 
715 203 296 322 313 
716 203 297 324 323 
717 203 310 325 324 
718 203 298 326 325 
719 203 311 327 326 
720 203 327 286 284 
721 203 289 333 315 
722 203 308 313 336 
723 203 313 277 336 
724 203 320 273 335 
725 203 7 95 127 
726 203 95 96 337 
727 203 97 98 338 
728 203 99 100 339 
729 203 101 102 340 
730 203 103 104 341 
731 203 105 106 342 
732 203 107 108 343 
733 203 109 110 344 
734 203 111 112 345 
735 203 113 114 346 
736 203 115 116 347 
737 203 117 118 348 
738 203 119 120 349 
739 203 120 3 350 
740 203 349 120 350 
741 203 3 125 350 
742 203 126 4 64 
743 203 39 8 128 
744 203 40 39 351 
745 203 41 40 352 
746 203 40 351 352 
747 203 42 41 353 
748 203 41 352 353 
749 203 43 42 354 
750 203 42 353 354 
751 203 44 43 355 
752 203 43 354 355 
753 203 45 44 356 
754 203 44 355 356 
755 203 46 45 357 
756 203 45 356 357 
757 203 47 46 358 
758 203 46 357 358 
759 203 48 47 359 
760 203 47 358 359 
761 203 49 48 360 
762 203 48 359 360 
763 203 50 49 361 
764 203 49 360 361 
765 203 51 50 362 
766 203 50 361 362 
767 203 52 51 363 
768 203 51 362 363 
769 203 53 52 364 
770 203 52 363 364 
771 203 54 53 365 
772 203 53 364 365 
773 203 55 54 366 
774 203 54 365 366 
775 203 56 55 367 
776 203 55 366 367 
777 203 57 56 368 
778 203 56 367 368 
779 203 58 57 369 
780 203 57 368 369 
781 203 59 58 370 
782 203 58 369 370 
783 203 60 59 371 
784 203 59 370 371 
785 203 61 60 372 
786 203 60 371 372 
787 203 62 61 373 
788 203 61 372 373 
789 203 63 62 374 
790 203 62 373 374 
791 203 64 63 375 
792 203 63 374 375 
793 203 39 128 351 
794 203 127 95 337 
795 203 126 64 375 
796 203 96 97 376 
797 203 98 99 377 
798 203 100 101 378 
799 203 102 103 379 
800 203 104 105 380 
801 203 106 107 381 
802 203 108 109 382 
803 203 110 111 383 
804 203 112 113 384 
805 203 114 115 385 
806 203 116 117 386 
807 203 118 119 387 
808 203 381 107 343 
809 203 376 97 338 
810 203 125 126 388 
811 203 379 103 341 
812 203 378 101 340 
813 203 126 375 388 
814 203 128 127 389 
815 203 96 376 337 
816 203 377 99 339 
817 203 338 98 377 
818 203 339 100 378 
819 203 340 102 379 
820 203 341 104 380 
821 203 342 106 381 
822 203 343 108 382 
823 203 344 110 383 
824 203 345 112 384 
825 203 346 114 385 
826 203 347 116 386 
827 203 348 118 387 
828 203 380 105 342 
829 203 350 125 388 
830 203 382 109 344 
831 203 383 111 345 
832 203 384 113 346 
833 203 385 115 347 
834 203 386 117 348 
835 203 387 119 349 
836 203 128 389 351 
837 203 389 127 337 
838 203 377 339 390 
839 203 382 344 391 
840 203 340 379 392 
841 203 341 380 393 
842 203 342 381 394 
843 203 350 388 349 
844 203 376 338 395 
845 203 383 345 396 
846 203 384 346 397 
847 203 385 347 398 
848 203 386 348 399 
849 203 387 349 400 
850 203 380 342 401 
851 203 393 380 401 
852 203 342 394 401 
853 203 351 389 402 
854 203 352 351 402 
855 203 389 337 402 
856 203 379 341 403 
857 203 392 379 403 
858 203 341 393 403 
859 203 353 352 395 
860 203 354 353 404 
861 203 353 395 404 
862 203 355 354 390 
863 203 356 355 405 
864 203 355 390 405 
865 203 357 356 406 
866 203 356 405 406 
867 203 358 357 392 
868 203 359 358 403 
869 203 360 359 393 
870 203 361 360 401 
871 203 362 361 394 
872 203 363 362 407 
873 203 362 394 407 
874 203 364 363 408 
875 203 363 407 408 
876 203 365 364 391 
877 203 366 365 409 
878 203 365 391 409 
879 203 367 366 396 
880 203 369 368 397 
881 203 370 369 410 
882 203 369 397 410 
883 203 371 370 398 
884 203 372 371 411 
885 203 371 398 411 
886 203 373 372 399 
887 203 374 373 412 
888 203 373 399 412 
889 203 375 374 400 
890 203 337 376 402 
891 203 349 388 400 
892 203 382 391 408 
893 203 340 392 406 
894 203 339 378 405 
895 203 338 377 404 
896 203 357 406 392 
897 203 388 375 400 
898 203 352 402 395 
899 203 378 340 406 
900 203 395 338 404 
901 203 343 382 408 
902 203 383 396 409 
903 203 344 383 409 
904 203 384 397 413 
905 203 345 384 413 
906 203 397 368 413 
907 203 385 398 410 
908 203 346 385 410 
909 203 386 399 411 
910 203 347 386 411 
911 203 387 400 412 
912 203 348 387 412 
913 203 403 358 392 
914 203 381 343 407 
915 203 376 395 402 
916 203 391 344 409 
917 203 343 408 407 
918 203 377 390 404 
919 203 381 407 394 
920 203 354 404 390 
921 203 359 403 393 
922 203 360 393 401 
923 203 361 401 394 
924 203 364 408 391 
925 203 367 396 413 
926 203 367 413 368 
927 203 366 409 396 
928 203 370 410 398 
929 203 372 411 399 
930 203 374 412 400 
931 203 390 339 405 
932 203 405 378 406 
933 203 345 413 396 
934 203 399 348 412 
935 203 398 347 411 
936 203 397 346 410 
937 203 125 3 93 
938 203 126 125 414 
939 203 4 126 415 
940 203 37 4 415 
941 203 126 414 415 
942 203 38 37 416 
943 203 37 415 416 
944 203 38 416 2 
945 203 1 121 94 
946 203 121 122 417 
947 203 94 121 417 
948 203 125 93 414 
949 203 122 2 416 
950 203 417 122 416 
951 203 93 94 418 
952 203 93 418 414 
953 203 416 415 419 
954 203 417 416 419 
955 203 415 414 419 
956 203 418 94 417 
957 203 414 418 419 
958 203 417 419 418 
959 203 7 127 65 
960 203 127 128 420 
961 203 128 8 421 
962 203 420 128 421 
963 203 8 9 421 
964 203 10 6 124 
965 203 123 5 66 
966 203 124 123 422 
967 203 123 66 422 
968 203 65 127 420 
969 203 10 124 422 
970 203 9 10 423 
971 203 66 65 424 
972 203 9 423 421 
973 203 420 421 423 
974 203 423 10 422 
975 203 66 424 422 
976 203 65 420 424 
199 460 547 548 
327 505 311 503 
566 243 226 201 
501 453 454 592 
414 549 460 548 
310 151 500 297 
349 120 350 460 
526 336 572 321 
209 574 210 573 
254 230 574 253 
199 460 475 547 
120 475 460 349 
318 270 269 530 
331 530 269 523 
415 419 457 414 
587 511 428 566 
531 203 250 522 
203 531 204 468 
428 482 604 328 
436 586 340 469 
468 522 203 531 
561 454 560 591 
251 204 531 238 
283 197 551 91 
551 224 284 91 
122 299 36 416 
559 600 447 452 
551 197 224 91 
476 406 585 430 
204 552 531 238 
305 142 23 490 
569 544 196 527 
388 460 414 457 
196 527 236 247 
204 468 339 99 
552 100 339 378 
581 405 582 355 
431 582 390 355 
532 250 531 251 
166 518 464 450 
600 518 478 451 
228 532 251 187 
313 542 322 278 
228 531 532 528 
369 57 464 58 
532 250 251 187 
58 465 464 370 
552 582 405 339 
558 217 245 539 
285 417 286 121 
217 259 245 539 
530 574 443 525 
592 411 372 399 
217 259 539 447 
232 554 568 242 
476 45 512 357 
581 405 355 356 
296 602 322 542 
452 558 539 447 
166 464 58 179 
451 540 542 499 
360 598 515 393 
600 518 451 559 
529 230 525 270 
581 429 170 159 
373 466 583 374 
129 481 519 182 
551 503 549 550 
369 464 370 58 
583 459 458 453 
603 576 423 577 
131 12 480 132 
558 217 539 447 
419 548 549 414 
462 358 47 359 
508 441 509 599 
500 516 167 180 
462 358 46 47 
535 316 332 435 
140 437 292 488 
601 369 370 410 
520 493 521 440 
525 470 443 509 
530 443 437 525 
103 434 341 379 
364 477 440 176 
140 438 488 513 
220 219 543 473 
572 517 446 589 
549 551 547 548 
154 311 34 505 
11 6 130 124 
534 436 434 553 
34 153 154 505 
442 254 525 470 
494 517 444 183 
600 518 559 368 
447 600 559 413 
386 411 591 399 
287 328 604 482 
517 494 498 146 
177 517 165 183 
520 176 440 477 
493 320 335 564 
520 142 143 163 
288 132 480 302 
432 431 597 483 
532 228 264 71 
532 263 187 71 
47 514 462 359 
277 542 313 278 
432 431 483 582 
189 266 535 225 
132 182 510 480 
533 317 268 536 
294 494 145 26 
199 198 548 249 
131 481 130 129 
384 558 113 346 
171 133 158 426 
419 548 414 418 
247 562 454 527 
472 555 568 556 
93 548 94 418 
347 116 220 115 
309 297 150 31 
426 461 158 506 
569 560 257 561 
455 561 473 560 
419 548 418 417 
548 286 551 285 
574 237 529 439 
529 230 253 574 
30 296 149 150 
573 439 209 574 
574 237 439 209 
529 77 269 190 
327 503 311 299 
552 204 205 238 
473 347 220 115 
429 136 484 170 
429 136 170 135 
215 557 244 216 
375 156 479 457 
167 59 465 179 
554 273 564 192 
196 282 236 527 
155 299 35 503 
265 188 528 535 
155 299 503 416 
287 12 131 11 
529 530 525 574 
517 177 446 589 
243 537 250 566 
380 439 341 104 
204 552 468 531 
571 445 493 564 
382 471 555 584 
445 255 564 563 
546 589 572 588 
442 254 470 211 
426 511 510 461 
439 380 209 104 
576 351 402 389 
554 273 192 274 
395 461 352 425 
468 390 596 582 
472 555 556 344 
444 589 495 556 
592 371 411 455 
158 133 132 510 
429 136 135 485 
242 568 555 554 
449 398 455 590 
377 203 468 522 
371 411 455 398 
511 482 480 510 
532 329 315 483 
508 175 441 163 
472 248 215 546 
281 89 88 196 
449 371 592 455 
285 551 548 224 
37 457 415 416 
478 446 600 497 
520 493 440 491 
184 226 467 570 
592 371 449 516 
261 186 68 260 
40 425 157 351 
175 162 50 437 
39 351 40 157 
250 203 531 251 
263 70 187 71 
578 351 39 157 
296 542 322 313 
560 221 569 257 
28 27 498 295 
394 342 443 401 
68 186 185 260 
159 429 170 135 
364 599 408 440 
526 194 540 84 
193 83 526 275 
439 208 341 104 
292 305 489 22 
275 321 545 330 
446 55 478 367 
548 286 285 417 
94 285 548 224 
40 425 351 352 
417 122 286 121 
134 15 301 289 
290 485 17 435 
351 578 425 157 
305 142 490 489 
492 294 25 306 
310 151 297 32 
398 473 455 590 
280 501 324 281 
19 303 487 291 
541 279 195 524 
208 439 209 104 
500 501 310 297 
336 321 498 572 
542 540 277 313 
409 588 589 472 
429 136 485 484 
142 489 22 141 
152 180 168 453 
249 197 550 258 
552 531 528 430 
529 270 269 77 
15 16 289 135 
296 30 149 29 
387 349 593 475 
548 286 417 549 
517 494 572 498 
28 147 148 496 
116 560 347 220 
459 583 594 412 
492 320 493 495 
498 27 28 147 
529 270 525 530 
498 307 295 27 
460 388 350 349 
155 299 416 36 
562 387 348 412 
426 483 329 597 
231 272 564 563 
393 515 359 403 
83 276 526 275 
472 409 383 344 
564 273 80 192 
541 322 524 542 
274 275 545 330 
489 521 525 509 
561 544 196 569 
392 585 512 357 
359 595 515 462 
515 433 462 595 
516 592 372 180 
155 37 38 416 
13 133 14 288 
319 489 305 490 
511 261 314 328 
600 518 368 478 
140 162 141 437 
371 516 372 60 
407 508 362 509 
443 438 598 439 
464 450 465 179 
186 604 570 260 
505 453 544 502 
413 447 600 588 
391 365 556 409 
478 518 368 56 
396 409 589 366 
391 584 556 440 
583 459 562 412 
318 331 530 269 
412 580 459 562 
290 487 332 435 
351 576 128 389 
563 271 571 525 
180 516 167 60 
516 59 167 60 
58 465 370 59 
535 485 528 316 
114 456 385 346 
492 494 294 495 
364 164 440 365 
29 149 499 148 
520 176 477 163 
178 147 165 497 
542 524 541 456 
452 542 540 558 
589 572 588 446 
413 367 600 368 
54 177 365 366 
472 557 215 383 
540 336 496 572 
298 34 505 153 
505 527 544 459 
215 111 110 383 
516 180 372 60 
518 559 368 397 
537 70 262 227 
472 448 589 556 
407 509 394 381 
437 489 525 509 
529 237 253 190 
437 598 509 443 
292 489 437 141 
306 493 293 491 
494 330 495 321 
191 270 271 525 
338 395 587 404 
538 428 566 186 
180 61 372 60 
470 509 442 381 
402 576 389 467 
527 283 326 282 
160 136 170 484 
563 79 231 272 
581 484 476 170 
434 208 567 241 
419 549 457 414 
155 299 36 35 
549 547 593 460 
94 548 93 198 
162 140 438 437 
336 496 308 313 
549 593 457 460 
494 26 146 145 
269 529 190 523 
380 105 209 104 
470 574 254 525 
498 321 336 295 
120 199 93 460 
358 392 512 357 
435 485 136 484 
515 393 341 403 
250 537 187 532 
357 585 512 476 
362 437 50 361 
271 571 319 272 
463 437 438 598 
229 237 523 190 
583 372 592 466 
484 160 476 170 
72 265 528 264 
536 533 567 523 
140 438 513 174 
353 506 354 42 
601 590 465 602 
307 498 295 321 
597 427 507 596 
449 543 602 590 
596 354 507 431 
508 362 51 363 
472 215 110 383 
151 500 167 180 
553 206 102 207 
237 529 523 190 
358 462 512 595 
463 360 515 514 
404 507 427 596 
391 584 440 408 
514 463 438 515 
508 437 509 441 
210 342 573 470 
514 360 359 48 
229 76 190 523 
465 398 410 370 
483 135 289 485 
579 97 96 376 
180 168 453 466 
195 86 541 234 
472 557 383 588 
443 438 439 530 
546 448 495 589 
292 318 304 488 
602 296 150 450 
96 97 579 201 
440 584 556 445 
546 193 526 545 
579 202 201 97 
434 208 241 207 
404 587 427 507 
424 422 66 570 
174 514 438 513 
120 350 93 3 
563 271 525 191 
439 573 443 574 
384 345 112 447 
562 583 474 454 
114 456 346 218 
384 413 345 447 
242 445 255 554 
592 501 455 591 
513 291 139 487 
511 314 288 302 
229 567 241 533 
47 514 359 48 
213 108 212 471 
516 500 592 180 
601 590 602 456 
440 492 493 495 
426 511 288 510 
516 371 59 60 
542 540 541 277 
451 542 450 499 
236 283 527 282 
288 13 132 302 
308 496 499 313 
482 511 480 302 
492 145 444 181 
515 536 433 434 
435 533 535 534 
212 471 343 442 
571 490 493 521 
435 160 136 137 
434 536 433 533 
551 547 548 249 
593 504 457 594 
94 285 224 92 
428 186 570 226 
517 572 495 589 
546 589 495 572 
471 255 213 445 
185 186 570 260 
442 407 381 509 
155 416 38 36 
493 492 491 306 
471 255 445 442 
521 442 525 509 
442 343 407 584 
382 343 471 584 
449 543 590 455 
310 544 324 501 
236 283 282 90 
481 12 302 480 
461 158 172 510 
263 537 187 70 
520 181 143 491 
508 477 599 363 
583 372 466 373 
518 166 57 178 
452 542 559 451 
541 322 542 278 
584 471 555 445 
490 571 525 521 
468 204 203 99 
489 521 509 441 
461 510 172 425 
411 592 455 591 
406 378 552 405 
598 463 361 360 
471 255 442 212 
595 585 512 392 
533 268 267 75 
476 406 430 356 
574 237 209 253 
560 473 455 347 
210 574 209 253 
560 411 455 591 
197 527 550 258 
471 255 212 213 
184 603 467 575 
398 473 590 385 
562 223 387 580 
353 506 507 354 
535 485 316 435 
364 52 477 176 
425 578 519 157 
488 438 530 536 
440 492 491 493 
539 194 540 526 
581 484 170 429 
521 440 445 584 
602 543 501 524 
443 438 530 437 
457 375 64 126 
485 16 135 289 
483 484 528 430 
561 591 560 455 
399 386 454 591 
481 12 480 131 
377 427 203 522 
530 439 443 574 
287 12 481 131 
543 473 561 220 
184 66 185 570 
459 547 580 593 
435 17 137 136 
371 592 411 372 
593 375 594 457 
258 562 580 223 
604 260 123 570 
175 142 441 163 
338 579 97 202 
40 425 352 172 
482 511 428 425 
231 255 564 192 
109 344 555 214 
308 28 29 148 
492 144 491 306 
563 521 571 445 
433 585 595 436 
396 367 366 446 
8 128 578 421 
223 258 547 580 
461 352 425 172 
123 422 570 66 
538 428 186 261 
385 590 410 456 
528 485 483 333 
539 194 526 259 
552 430 405 582 
378 205 469 552 
378 100 101 205 
122 417 286 416 
18 17 435 290 
68 67 260 185 
520 493 491 490 
435 17 18 137 
378 205 552 100 
206 101 205 469 
195 541 256 234 
329 511 537 262 
547 258 223 249 
406 586 585 430 
292 437 140 141 
537 243 250 227 
511 261 262 314 
356 581 476 44 
261 511 262 538 
508 362 50 51 
494 330 321 307 
70 537 187 227 
127 65 95 575 
573 470 443 574 
195 524 246 256 
573 105 209 380 
533 241 229 189 
95 65 127 7 
47 514 161 462 
545 554 568 232 
535 316 266 332 
492 320 495 294 
133 132 510 288 
327 505 550 326 
191 78 79 271 
232 248 568 545 
184 603 575 424 
248 546 568 545 
579 226 467 201 
534 207 206 553 
445 571 563 564 
252 534 565 535 
490 571 493 293 
250 597 427 537 
231 255 240 563 
552 252 528 238 
446 572 600 497 
358 392 595 512 
428 226 579 566 
431 581 159 429 
199 548 93 460 
241 534 533 434 
542 540 451 452 
428 186 226 566 
478 518 56 178 
517 494 146 183 
540 496 313 499 
571 493 335 564 
540 452 572 451 
149 296 499 450 
452 558 447 559 
255 192 554 564 
524 602 456 542 
239 189 533 535 
477 52 163 176 
558 384 447 559 
184 65 66 424 
384 397 413 559 
13 12 132 302 
145 444 181 183 
232 554 242 192 
413 384 559 447 
43 581 159 431 
19 487 139 291 
431 159 134 429 
434 533 241 567 
248 232 568 242 
586 436 340 392 
483 135 485 429 
81 274 192 273 
487 533 435 433 
171 43 159 431 
558 217 218 245 
482 510 425 519 
188 265 72 73 
191 270 525 230 
61 466 180 372 
581 43 159 44 
520 176 163 181 
538 428 261 511 
439 598 443 401 
274 320 330 495 
494 498 321 572 
107 211 442 381 
492 494 495 444 
545 554 232 274 
544 527 326 282 
322 602 524 542 
274 330 545 495 
285 551 224 284 
129 182 519 157 
142 175 441 489 
494 330 307 294 
406 586 552 378 
586 406 552 430 
443 438 437 598 
242 445 554 555 
132 480 510 288 
134 159 431 171 
469 102 101 340 
468 203 377 99 
463 437 598 361 
511 537 262 538 
48 463 49 174 
563 79 272 271 
350 414 460 93 
270 318 334 530 
435 534 535 565 
242 445 555 213 
169 156 154 504 
228 188 238 528 
593 412 459 594 
469 205 378 101 
457 155 503 416 
315 301 289 483 
504 155 154 503 
485 136 135 16 
457 419 415 416 
350 125 93 3 
505 503 504 154 
483 135 429 134 
479 169 504 156 
191 270 230 78 
175 508 441 437 
458 374 594 583 
393 360 359 515 
210 342 470 106 
401 573 443 439 
511 329 288 314 
440 164 176 181 
562 527 247 258 
581 44 159 170 
280 501 281 235 
563 191 525 240 
597 426 431 507 
549 414 460 457 
548 286 549 551 
164 440 444 181 
232 274 192 81 
482 428 577 425 
593 504 594 459 
554 192 255 242 
587 511 427 507 
542 540 558 541 
579 587 428 566 
203 427 377 98 
402 579 587 428 
202 250 427 566 
426 461 506 507 
581 405 356 430 
402 587 376 395 
24 144 491 143 
138 435 173 486 
252 534 535 239 
263 329 315 532 
96 376 337 467 
506 171 158 426 
402 579 428 467 
483 484 430 429 
440 554 495 493 
574 237 253 529 
309 30 31 150 
563 79 271 191 
526 336 321 276 
237 208 439 209 
321 276 275 526 
472 555 344 214 
440 408 584 599 
210 254 574 253 
601 518 559 451 
601 397 369 410 
558 218 256 245 
444 492 181 440 
547 258 459 580 
180 168 466 61 
537 250 566 427 
582 405 390 355 
427 597 250 522 
587 579 427 566 
228 72 264 71 
535 265 316 528 
241 534 434 207 
552 468 582 339 
558 218 113 346 
459 258 547 550 
541 558 256 245 
558 218 456 256 
558 456 541 256 
153 298 33 502 
257 246 561 220 
561 544 569 454 
189 266 225 74 
154 311 505 503 
474 222 117 348 
282 196 544 527 
522 250 427 203 
569 527 247 454 
440 554 493 445 
250 202 427 203 
131 481 182 480 
98 202 203 427 
454 453 544 459 
348 583 474 562 
301 426 483 329 
581 405 430 582 
535 332 267 533 
266 332 267 535 
569 257 196 561 
552 531 238 528 
134 429 159 135 
255 442 212 240 
329 511 597 537 
501 500 310 502 
344 472 214 110 
247 454 221 569 
221 222 474 247 
472 215 214 110 
225 265 535 188 
34 298 33 153 
320 294 330 495 
188 252 535 225 
189 266 74 267 
6 10 130 124 
172 425 519 157 
596 404 390 377 
586 340 406 392 
472 409 344 556 
234 277 278 541 
234 277 541 194 
487 486 433 435 
234 277 194 85 
234 277 85 278 
86 85 278 234 
138 486 161 139 
360 463 49 48 
528 430 565 552 
162 140 174 438 
586 565 469 436 
469 102 340 553 
514 463 48 174 
45 44 476 170 
236 527 258 247 
444 492 440 495 
402 587 395 425 
546 193 545 248 
144 24 306 25 
230 529 525 574 
402 351 425 352 
184 65 575 200 
10 577 423 129 
395 353 352 461 
547 249 550 258 
319 489 490 525 
361 509 437 598 
430 406 552 405 
223 475 387 580 
160 45 476 170 
223 547 199 475 
439 530 536 523 
197 551 224 249 
257 235 196 561 
61 373 466 372 
283 327 550 326 
224 92 284 91 
501 454 561 591 
254 230 191 525 
375 156 457 64 
268 331 269 523 
398 385 590 410 
524 280 323 279 
529 439 237 523 
217 384 112 447 
576 402 425 428 
316 485 528 333 
191 270 78 271 
254 574 470 210 
364 52 363 477 
281 501 324 544 
496 28 308 148 
280 501 235 524 
147 517 146 165 
307 494 294 26 
365 177 589 366 
526 194 84 233 
488 20 304 140 
488 318 331 530 
488 438 536 513 
530 292 437 488 
287 12 302 481 
586 340 378 406 
482 481 302 480 
602 297 309 323 
140 292 304 488 
287 481 302 482 
48 514 174 161 
210 573 574 470 
305 142 489 22 
277 540 541 194 
445 440 521 493 
50 162 49 361 
86 279 541 278 
402 395 352 425 
501 280 323 524 
563 271 272 571 
522 468 596 432 
529 439 530 574 
58 465 59 179 
501 323 324 297 
505 298 326 311 
143 181 520 163 
152 153 453 168 
492 144 181 491 
34 298 505 311 
158 133 510 426 
162 463 49 361 
402 587 425 428 
21 292 141 22 
391 440 556 365 
571 272 564 335 
602 543 524 456 
436 586 585 392 
463 437 361 162 
559 558 346 456 
120 475 349 119 
419 548 417 549 
454 386 221 560 
546 545 572 495 
367 478 600 368 
601 346 456 559 
546 193 248 244 
601 590 456 410 
582 483 432 531 
600 368 559 413 
445 442 521 584 
602 309 322 323 
273 272 564 80 
322 602 296 309 
369 397 518 368 
576 351 425 402 
392 358 595 403 
58 465 179 464 
114 219 115 385 
219 473 115 385 
188 252 528 535 
473 347 115 385 
485 289 333 300 
497 148 147 496 
359 595 462 358 
396 589 446 366 
500 516 449 167 
275 193 545 526 
200 337 575 467 
462 433 512 595 
511 480 288 510 
435 533 534 433 
263 532 315 264 
434 533 567 536 
219 473 220 115 
532 228 528 264 
483 264 528 333 
270 529 269 530 
230 78 270 77 
218 114 113 346 
576 603 428 577 
182 172 519 157 
144 492 181 145 
461 511 510 425 
351 578 128 576 
514 462 515 513 
578 128 8 39 
10 577 129 130 
481 131 182 129 
371 516 59 465 
353 461 41 352 
563 79 191 231 
525 319 271 571 
470 525 443 574 
502 326 325 544 
375 156 64 63 
479 169 458 504 
460 388 349 593 
500 592 180 453 
435 534 565 436 
468 390 582 339 
511 329 314 262 
596 354 431 390 
463 598 515 360 
384 558 217 113 
173 435 138 137 
558 384 559 346 
336 276 540 277 
596 354 390 404 
440 554 445 556 
557 345 383 588 
498 336 572 496 
559 542 558 456 
422 312 123 604 
208 439 434 567 
579 96 201 467 
338 98 202 97 
123 66 570 5 
364 599 440 477 
263 329 537 262 
431 582 596 390 
464 166 450 179 
32 151 297 31 
470 342 381 106 
297 150 151 500 
391 584 408 382 
364 599 477 363 
391 555 556 584 
151 150 297 31 
586 406 585 392 
446 55 367 366 
353 41 506 42 
43 171 42 354 
409 365 556 589 
171 506 42 354 
506 171 42 158 
41 506 42 158 
483 264 333 315 
98 99 377 203 
364 164 365 53 
364 164 53 176 
389 127 575 420 
549 459 593 547 
457 375 126 388 
140 174 513 139 
485 17 136 16 
463 360 49 361 
413 447 588 345 
537 250 187 227 
593 504 459 549 
391 555 584 382 
391 555 382 344 
166 518 57 464 
581 356 355 44 
556 568 472 448 
529 230 270 77 
409 365 589 366 
411 592 591 399 
430 581 582 429 
400 594 374 412 
362 509 394 407 
463 598 438 515 
173 160 46 512 
230 529 253 190 
566 243 186 226 
545 321 572 495 
202 579 201 566 
533 189 229 75 
524 87 280 279 
92 285 224 284 
386 560 347 116 
541 194 245 234 
544 196 282 281 
235 246 561 257 
602 297 323 501 
252 206 205 469 
593 412 594 400 
533 268 75 229 
582 430 483 531 
340 436 379 392 
229 567 533 523 
228 531 528 238 
87 195 86 279 
446 165 497 478 
384 558 447 217 
526 83 84 276 
359 595 358 403 
277 540 194 84 
515 403 434 595 
526 336 276 540 
595 379 434 436 
578 8 421 9 
597 522 596 432 
243 202 201 566 
442 584 599 521 
436 553 379 434 
449 398 590 465 
103 434 379 207 
553 207 379 434 
554 273 274 320 
434 515 595 433 
211 470 442 381 
422 287 130 124 
236 283 197 527 
350 125 414 93 
566 243 538 186 
222 562 258 223 
551 503 550 327 
9 578 423 421 
459 562 580 258 
520 490 441 521 
186 604 260 261 
537 243 538 566 
603 428 604 570 
249 224 548 551 
228 532 187 71 
66 185 570 5 
140 292 141 21 
466 169 168 453 
401 573 439 380 
490 142 143 520 
571 490 319 293 
517 444 177 589 
457 419 416 549 
501 544 453 502 
222 562 247 258 
414 460 388 350 
568 546 495 545 
330 321 545 495 
444 517 495 589 
327 505 503 550 
83 193 526 233 
307 146 498 494 
444 164 181 183 
24 306 293 491 
266 74 73 225 
424 603 420 423 
312 328 260 604 
477 508 51 363 
331 318 488 304 
477 508 163 51 
287 577 481 482 
264 265 528 333 
129 578 519 577 
129 481 130 577 
482 511 302 328 
261 511 428 328 
290 485 435 316 
363 408 599 407 
502 326 544 505 
544 453 505 459 
103 434 208 341 
325 544 326 282 
103 434 207 208 
468 99 377 339 
536 439 567 434 
520 477 440 599 
466 583 458 453 
511 587 461 507 
131 287 11 130 
571 493 445 521 
457 155 416 37 
505 153 453 502 
504 155 503 457 
180 500 453 152 
90 89 282 236 
310 151 32 152 
543 219 220 246 
348 583 562 412 
543 473 590 455 
500 592 453 501 
502 310 33 152 
310 32 33 152 
142 520 441 163 
500 310 502 152 
310 151 152 500 
458 374 583 466 
520 440 181 491 
177 54 55 366 
441 163 520 477 
513 291 487 536 
441 163 477 508 
160 45 46 512 
534 239 533 535 
508 175 163 51 
342 573 380 105 
393 439 380 401 
241 534 207 239 
394 470 509 443 
527 197 236 258 
204 552 339 468 
317 331 536 291 
426 511 461 507 
502 153 152 33 
120 475 119 199 
593 547 580 475 
513 291 536 488 
109 382 213 555 
416 2 38 36 
463 162 174 438 
123 260 604 312 
517 494 495 572 
578 351 425 576 
287 312 422 604 
301 426 329 288 
492 320 306 493 
461 353 506 507 
96 579 376 467 
186 604 261 428 
144 492 145 25 
230 254 574 525 
54 164 53 365 
2 122 36 416 
492 294 145 25 
200 96 337 467 
321 494 572 495 
558 540 245 541 
232 193 248 545 
320 554 495 274 
492 494 444 145 
556 554 445 555 
543 256 456 219 
604 328 287 312 
562 222 474 348 
199 547 223 249 
445 213 471 555 
569 527 196 247 
441 477 520 599 
259 217 216 447 
462 514 161 513 
490 142 441 489 
342 210 105 106 
257 569 196 247 
196 282 281 89 
502 326 505 298 
457 549 416 503 
509 442 599 521 
547 551 550 249 
387 223 562 118 
332 303 317 487 
43 581 355 44 
568 248 242 214 
433 585 436 435 
530 292 488 318 
489 521 441 490 
472 555 214 568 
207 103 102 379 
20 19 139 291 
469 102 553 206 
571 319 335 293 
542 277 541 278 
525 319 571 490 
439 237 523 567 
382 109 344 555 
476 406 356 357 
210 470 211 106 
543 256 219 246 
602 543 456 590 
511 587 425 461 
447 259 539 526 
359 595 403 515 
461 353 41 506 
543 256 246 524 
513 486 462 433 
281 235 196 88 
527 459 562 454 
290 487 435 18 
385 473 590 456 
428 226 570 467 
502 326 298 325 
549 457 504 503 
561 591 455 501 
133 301 14 288 
169 153 168 453 
114 456 218 219 
255 231 564 563 
143 24 293 491 
472 248 546 568 
597 532 250 531 
107 343 381 442 
561 281 501 235 
140 292 21 304 
380 393 341 439 
268 76 75 229 
530 529 269 523 
426 483 597 431 
287 577 482 604 
312 422 123 124 
562 222 247 474 
327 283 550 551 
524 87 279 195 
472 248 568 214 
473 219 456 385 
501 454 591 592 
400 375 374 594 
221 386 117 116 
527 283 550 326 
550 504 503 549 
603 576 467 575 
210 254 211 470 
468 390 339 377 
576 603 467 428 
218 558 456 346 
552 252 469 565 
435 585 436 565 
46 45 357 512 
184 603 424 570 
585 406 357 392 
45 356 357 476 
603 428 570 467 
585 430 484 476 
593 375 457 388 
118 562 222 223 
454 453 459 583 
120 475 199 460 
399 454 592 591 
538 261 69 262 
221 386 454 474 
186 261 69 538 
186 243 538 227 
524 279 323 322 
192 554 274 232 
561 524 501 543 
448 568 495 556 
548 224 249 198 
540 558 245 539 
547 223 580 475 
445 554 564 255 
554 273 320 564 
581 484 429 430 
275 193 82 545 
454 562 247 474 
296 602 542 450 
517 494 444 495 
430 581 476 356 
485 435 136 17 
160 435 136 484 
339 582 405 390 
597 522 427 596 
498 517 497 572 
435 585 484 476 
283 197 91 90 
517 498 147 146 
557 111 215 383 
160 435 484 476 
307 146 494 26 
449 398 465 371 
144 492 25 306 
151 500 180 152 
94 285 1 121 
283 551 284 91 
327 551 286 284 
283 327 284 551 
336 496 295 308 
593 412 400 387 
446 55 366 177 
336 498 295 496 
496 28 295 308 
498 28 295 496 
369 601 464 518 
23 24 293 143 
305 490 293 319 
306 493 335 293 
518 369 57 464 
493 490 293 491 
320 273 335 564 
500 501 453 502 
294 26 145 25 
462 173 46 512 
493 571 335 293 
544 501 310 502 
560 411 347 455 
407 508 509 599 
459 505 504 453 
268 533 536 523 
270 334 271 525 
268 331 536 317 
52 477 51 363 
583 592 453 466 
360 463 48 514 
241 534 239 533 
184 424 66 570 
489 530 437 525 
604 261 428 328 
329 426 597 511 
144 143 181 491 
561 524 543 246 
426 483 431 134 
422 570 603 604 
211 107 442 212 
196 282 89 236 
100 204 339 99 
100 552 339 204 
360 598 401 361 
361 509 598 394 
46 358 512 357 
133 301 288 426 
342 210 573 105 
133 301 426 134 
513 291 488 139 
488 20 140 139 
460 388 593 457 
304 331 291 488 
298 310 33 502 
394 470 381 509 
414 125 388 126 
542 452 559 558 
394 470 342 381 
140 304 21 20 
263 537 70 262 
586 552 469 565 
197 527 283 550 
488 20 139 291 
361 509 394 362 
132 12 480 302 
171 506 354 431 
229 567 523 237 
541 234 245 256 
435 486 433 512 
331 536 291 488 
463 437 162 438 
437 162 50 361 
226 200 467 201 
592 516 372 371 
454 453 583 592 
254 525 191 240 
123 67 570 260 
76 269 190 523 
573 380 209 439 
466 592 180 372 
563 521 445 442 
583 372 373 399 
501 454 544 561 
371 59 370 465 
409 391 344 556 
305 23 293 490 
95 200 337 575 
472 409 556 589 
331 530 536 488 
252 534 239 206 
517 446 497 572 
188 252 238 528 
528 532 483 531 
538 537 262 227 
133 171 134 426 
347 411 398 455 
147 517 165 497 
498 517 147 497 
560 221 454 569 
398 371 370 465 
240 211 442 212 
44 581 476 170 
440 492 181 491 
544 281 282 325 
182 480 519 510 
354 43 431 355 
581 431 355 582 
127 389 128 420 
52 477 163 51 
362 508 50 437 
508 175 50 437 
171 43 431 354 
528 252 552 565 
268 533 523 229 
395 353 461 507 
404 338 427 587 
272 79 231 80 
204 531 203 251 
537 263 187 532 
354 506 507 431 
511 597 427 507 
489 530 525 334 
426 597 511 507 
404 353 507 354 
448 546 495 568 
417 285 94 121 
543 256 524 456 
517 446 165 497 
530 439 536 438 
349 387 119 475 
138 19 487 139 
593 504 549 457 
550 504 549 459 
511 537 427 597 
585 435 512 476 
406 430 356 405 
386 221 560 116 
450 465 150 602 
431 597 507 596 
592 466 180 453 
246 543 561 220 
486 139 513 161 
423 578 9 129 
438 439 536 515 
402 389 337 467 
389 576 128 420 
158 182 172 510 
76 268 269 523 
138 486 487 435 
487 317 536 291 
576 578 423 577 
160 173 137 435 
231 564 80 192 
287 11 130 124 
398 473 385 347 
500 151 167 150 
496 336 540 313 
435 160 512 476 
384 217 112 113 
500 602 501 297 
500 602 297 150 
94 224 548 198 
309 602 296 150 
602 297 150 309 
329 426 511 288 
547 199 548 249 
547 549 548 460 
241 239 189 533 
45 356 476 44 
317 533 487 536 
548 414 93 460 
511 587 427 566 
441 520 521 599 
290 487 18 303 
429 431 483 134 
596 354 404 507 
343 471 212 108 
134 15 289 135 
343 107 108 212 
469 102 206 101 
343 212 442 107 
492 320 294 306 
213 382 108 471 
461 41 172 158 
382 343 108 471 
409 588 472 383 
436 534 434 433 
189 533 267 75 
274 232 82 81 
472 546 215 557 
195 524 235 246 
469 252 534 565 
281 235 88 280 
301 426 134 483 
451 478 600 497 
485 483 333 289 
472 248 214 215 
417 549 286 416 
524 87 195 235 
122 299 416 286 
378 552 405 339 
286 503 299 416 
428 576 402 467 
424 603 575 420 
96 200 201 467 
286 503 416 549 
601 464 465 370 
463 162 49 174 
208 103 341 104 
551 503 327 286 
272 231 564 80 
554 493 445 564 
556 584 555 445 
362 508 437 509 
286 503 327 299 
483 484 429 485 
545 554 274 495 
59 516 167 465 
500 602 150 449 
572 452 539 447 
367 478 446 600 
557 447 244 216 
252 535 225 239 
252 535 565 528 
490 143 293 491 
320 493 335 306 
141 437 175 489 
361 509 362 437 
487 533 433 536 
501 310 297 324 
450 602 601 465 
118 387 223 119 
324 544 310 325 
272 273 564 335 
547 593 460 475 
305 142 22 23 
489 530 334 292 
175 142 141 489 
305 292 489 334 
387 475 223 119 
127 389 575 337 
484 535 485 528 
518 601 450 451 
601 518 450 464 
65 127 420 575 
273 81 80 192 
70 262 227 69 
524 602 322 323 
561 281 235 196 
541 322 278 279 
561 524 246 235 
601 542 450 451 
323 280 501 324 
229 567 237 241 
274 275 82 545 
353 395 404 507 
148 450 149 499 
468 390 377 596 
576 603 420 575 
397 413 559 368 
468 582 596 432 
587 395 461 507 
404 395 587 507 
413 345 588 396 
107 211 381 106 
449 543 455 501 
208 439 341 434 
219 473 456 543 
268 76 229 523 
166 57 58 464 
528 430 484 565 
487 303 317 291 
489 530 292 437 
487 533 317 332 
520 176 181 440 
500 602 449 501 
518 56 57 368 
296 308 29 499 
496 572 497 451 
552 430 582 531 
515 341 434 403 
584 440 599 521 
175 437 141 162 
364 52 176 53 
598 439 393 401 
440 364 365 391 
164 440 365 444 
444 177 183 517 
447 572 600 588 
520 440 521 599 
595 585 392 436 
226 184 185 570 
150 602 465 449 
546 557 588 447 
502 153 453 152 
563 521 442 525 
169 466 168 62 
489 521 490 525 
461 426 158 510 
409 588 383 396 
546 472 448 589 
540 336 277 313 
361 598 401 394 
433 515 462 513 
578 129 423 577 
433 585 435 512 
481 482 577 519 
515 433 536 513 
10 129 423 9 
545 321 526 572 
275 321 526 545 
486 433 513 487 
546 545 526 572 
472 546 588 589 
341 403 379 434 
515 439 434 341 
173 486 161 138 
498 28 496 147 
595 379 436 392 
530 292 318 334 
109 382 108 213 
494 330 294 495 
150 167 449 465 
515 439 536 434 
486 487 513 139 
595 379 392 403 
189 74 75 267 
457 155 37 156 
182 481 519 480 
221 454 247 474 
561 281 196 544 
221 569 257 247 
43 581 431 355 
37 457 156 64 
173 462 47 161 
364 599 363 408 
569 544 527 454 
408 407 584 599 
142 23 490 143 
497 148 496 451 
483 484 485 528 
561 454 569 560 
329 263 537 532 
579 338 427 202 
228 72 528 264 
532 597 483 531 
549 459 547 550 
404 427 377 596 
175 437 441 489 
154 311 503 35 
520 493 490 521 
445 442 584 471 
451 148 496 499 
334 270 530 525 
140 438 437 488 
444 177 589 365 
396 588 600 446 
572 451 600 497 
98 338 202 427 
592 454 399 583 
148 450 499 451 
202 579 566 427 
494 307 321 498 
338 579 427 587 
447 526 539 572 
534 434 433 533 
375 156 63 479 
500 502 453 152 
594 479 458 504 
486 173 512 435 
452 540 572 539 
173 486 512 462 
526 336 540 572 
259 447 244 526 
514 360 515 359 
476 406 357 585 
526 194 233 259 
494 145 146 183 
489 437 441 509 
193 83 275 82 
408 364 440 391 
298 153 505 502 
384 397 559 346 
148 450 451 166 
585 435 484 565 
496 540 572 451 
430 585 484 565 
497 148 451 178 
586 430 552 565 
430 586 585 565 
484 535 528 565 
487 533 332 435 
488 20 291 304 
484 535 565 435 
560 386 591 454 
484 535 435 485 
451 148 166 178 
483 597 432 531 
114 456 219 385 
601 397 559 518 
166 518 451 178 
450 602 542 601 
150 465 450 179 
10 422 130 124 
551 549 547 550 
544 281 325 324 
154 311 35 34 
343 442 471 584 
503 35 311 299 
551 503 286 549 
425 577 578 576 
538 428 511 566 
492 494 145 294 
394 470 443 342 
446 55 165 478 
440 444 556 365 
589 448 495 556 
186 604 428 570 
561 281 544 501 
578 577 425 519 
213 382 471 555 
133 301 134 14 
423 576 603 420 
576 578 421 423 
308 496 148 499 
56 178 165 478 
166 518 450 451 
10 577 130 422 
542 601 559 451 
10 577 422 423 
480 482 519 510 
578 576 421 128 
546 215 244 248 
111 557 215 216 
165 178 497 478 
447 259 244 216 
557 216 345 447 
407 508 599 363 
148 450 166 149 
441 509 599 521 
552 252 238 205 
531 522 597 432 
512 45 476 160 
441 508 477 599 
343 408 407 584 
345 396 383 588 
327 505 326 311 
110 472 383 344 
430 429 582 483 
506 171 426 431 
250 532 597 537 
188 228 72 528 
407 508 363 362 
581 484 430 476 
454 386 399 474 
373 583 399 412 
481 482 519 480 
444 440 556 495 
419 417 416 549 
37 457 64 415 
56 518 57 178 
184 226 200 467 
222 118 117 348 
530 331 536 523 
386 474 348 399 
331 268 536 523 
505 527 326 544 
470 525 442 509 
412 580 562 387 
432 431 582 596 
540 496 499 451 
426 133 510 288 
437 525 443 509 
601 450 465 464 
67 123 570 5 
601 346 559 397 
462 514 515 359 
241 208 567 237 
296 308 499 313 
516 371 449 465 
428 226 467 579 
285 94 1 92 
601 465 410 370 
451 178 478 497 
505 527 550 326 
579 338 376 587 
237 208 567 439 
338 395 376 587 
338 98 377 427 
442 407 599 584 
498 147 496 497 
533 317 267 268 
439 536 567 523 
456 524 541 256 
77 76 269 190 
498 572 497 496 
319 489 525 334 
55 56 165 478 
540 194 245 541 
546 193 244 526 
218 219 456 256 
193 232 82 545 
558 542 541 456 
526 540 539 572 
541 322 279 524 
415 457 126 414 
4 415 64 126 
457 414 388 126 
504 155 457 156 
349 593 475 460 
185 67 260 570 
428 603 604 577 
482 428 604 577 
93 548 199 198 
350 120 93 460 
511 288 480 302 
417 94 548 418 
417 285 548 94 
442 509 599 407 
555 568 242 214 
242 213 555 214 
242 445 213 255 
213 109 555 214 
449 398 371 455 
562 118 348 387 
563 255 442 445 
29 308 148 499 
393 515 341 439 
525 442 563 240 
165 55 446 177 
429 431 582 483 
442 255 563 240 
553 340 379 102 
598 360 401 393 
542 540 313 499 
109 344 214 110 
525 319 334 271 
319 489 334 305 
232 274 82 545 
233 193 526 244 
452 540 539 558 
539 194 259 245 
317 332 533 267 
554 568 556 495 
340 378 101 469 
185 67 570 5 
568 554 556 555 
435 533 332 535 
184 65 424 575 
199 119 223 475 
171 426 431 134 
593 349 387 400 
350 125 388 414 
541 86 278 234 
459 583 562 454 
557 111 383 345 
382 408 343 584 
206 534 553 469 
272 571 564 563 
367 396 600 446 
452 451 559 600 
452 572 600 447 
550 504 459 505 
479 63 169 156 
572 452 600 451 
175 508 50 51 
534 252 469 206 
553 534 436 469 
450 149 150 179 
572 447 546 588 
329 537 597 532 
546 447 572 526 
329 301 315 483 
402 579 376 587 
131 182 132 480 
534 565 436 469 
144 24 491 306 
536 487 513 433 
233 259 244 526 
563 521 525 571 
217 112 216 447 
413 396 588 600 
216 345 447 112 
155 503 35 154 
413 367 396 600 
84 83 526 233 
524 195 541 256 
47 514 48 161 
512 433 462 486 
433 585 512 595 
557 546 215 244 
276 540 277 84 
588 572 600 446 
539 194 245 540 
449 602 465 590 
601 369 464 370 
592 500 516 449 
153 169 504 453 
186 538 69 227 
589 396 446 588 
538 262 69 227 
184 200 575 467 
243 537 538 227 
354 431 390 355 
376 402 337 467 
546 472 588 557 
276 540 84 526 
593 375 388 400 
349 400 593 388 
603 570 422 424 
505 527 459 550 
551 285 286 284 
169 453 458 504 
367 56 478 368 
345 111 112 216 
436 340 379 553 
206 207 534 239 
595 379 403 434 
553 534 207 434 
160 173 435 512 
444 365 589 556 
348 583 412 399 
200 96 95 337 
217 558 218 113 
348 583 399 474 
345 216 557 111 
601 346 397 410 
561 524 235 501 
601 346 410 456 
138 487 18 435 
290 487 303 332 
303 19 487 18 
19 138 487 18 
462 173 47 46 
415 457 64 126 
483 264 315 532 
485 316 300 333 
457 479 504 156 
165 517 146 183 
307 146 26 27 
459 453 504 458 
505 153 504 453 
524 87 235 280 
312 287 422 124 
542 296 450 499 
149 296 29 499 
41 461 506 158 
352 41 40 172 
169 153 504 154 
577 287 422 604 
459 583 458 594 
583 474 454 399 
473 543 590 456 
594 459 504 458 
479 466 458 169 
466 61 168 62 
298 325 310 502 
461 41 352 172 
578 129 519 157 
422 287 577 130 
466 373 61 62 
459 527 258 550 
287 577 130 481 
490 520 143 491 
472 546 448 568 
432 431 596 597 
169 466 458 453 
604 261 328 260 
186 261 68 69 
571 272 335 319 
147 498 27 146 
420 576 421 423 
576 420 421 128 
577 422 603 604 
563 191 240 231 
593 375 400 594 
546 244 447 526 
63 375 479 374 
93 414 548 418 
527 459 258 562 
603 422 577 423 
551 197 550 249 
387 593 580 475 
412 580 387 593 
325 544 310 502 
87 235 280 88 
560 257 561 220 
221 560 220 257 
338 404 427 377 
501 543 455 561 
466 479 62 169 
479 63 62 169 
466 373 62 374 
479 466 62 374 
63 479 62 374 
473 560 561 220 
560 473 347 220 
560 221 220 116 
225 265 188 73 
189 266 267 535 
225 265 73 266 
225 265 266 535 
228 531 238 251 
239 189 535 225 
195 279 541 86 
529 230 77 190 
430 528 483 531 
85 277 194 84 
542 296 499 313 
597 522 531 250 
236 283 90 197 
228 531 251 532 
435 534 436 433 
389 576 420 575 
435 316 332 290 
290 485 316 300 
65 200 95 575 
290 485 300 17 
468 522 531 432 
315 483 289 333 
337 389 575 467 
391 555 344 556 
402 579 467 376 
442 254 211 240 
15 301 14 134 
486 138 487 139 
184 603 570 467 
481 287 131 130 
447 557 588 345 
292 489 141 22 
442 407 343 381 
412 580 593 459 
483 264 532 528 
211 470 381 106 
579 566 226 201 
601 542 559 456 
601 602 542 456 
524 602 323 501 
546 557 447 244 
436 340 553 469 
301 134 289 483 
598 439 438 515 
598 439 515 393 
438 514 515 513 
468 552 582 531 
221 222 117 474 
514 463 174 438 
386 221 117 474 
589 177 446 366 
139 174 513 161 
583 372 399 592 
342 573 470 443 
386 474 117 348 
439 529 530 523 
511 482 428 328 
535 265 266 316 
431 581 429 582 
340 586 378 469 
552 100 205 204 
597 329 532 483 
598 394 443 401 
401 573 380 342 
601 590 410 465 
54 177 164 365 
394 598 443 509 
164 177 444 365 
440 554 556 495 
468 522 596 377 
316 265 333 528 
189 535 267 533 
552 252 205 469 
351 578 39 128 
497 148 178 147 
401 573 342 443 
378 586 552 469 
65 424 575 420 
389 576 575 467 
30 309 296 150 
562 118 222 348 
458 374 466 479 
458 374 479 594 
454 453 501 544 
537 511 427 566 
585 586 436 565 
462 486 513 161 
449 543 501 602 
426 506 431 507 
265 188 72 528 
473 543 561 455 
500 167 449 150 
485 17 16 300 
296 149 150 450 
422 123 570 604 
186 226 185 570 
173 486 462 161 
174 514 513 161 
158 182 510 132 
504 155 156 154 
436 434 595 433 
462 358 512 46 
129 578 9 157 
560 411 386 347 
129 481 577 519 
527 544 459 454 
442 254 240 525 
409 588 396 589 
545 554 495 568 
530 438 488 437 
415 4 64 37 
367 56 55 478 
517 446 177 165 
500 592 501 449 
587 395 425 461 
465 398 590 410 
501 592 455 449 
398 473 347 455 
478 518 178 451 
346 385 410 456 
427 522 377 596 
167 150 179 465 
578 39 9 157 
560 411 591 386 
369 518 57 368 
603 424 422 423 
307 146 27 498 
511 482 510 425 
364 164 176 440 
40 425 172 157 
511 314 302 328 
127 95 337 575 
578 8 9 39 
511 537 538 566 
243 250 202 566 
483 135 134 289 
428 576 577 425 
13 133 288 132 
579 338 97 376 
573 210 209 105 
435 138 137 18 
172 510 519 425 
139 140 488 513 
485 16 289 300 
142 490 441 520 
183 177 444 164 
438 515 536 513 
166 149 450 179 
182 510 519 172 
197 283 551 550 
479 375 457 594 
468 582 432 531 
145 494 444 183 
583 373 374 412 
375 479 374 594 
207 553 379 102 
457 479 594 504 
577 482 425 519 
153 505 504 154 
320 554 564 493 
263 532 264 71 
482 287 328 302 
550 504 505 503 
594 583 374 412 
587 511 425 428 
167 516 449 465 
397 601 369 518 
320 554 493 495 
490 23 293 143 
